5.830264091491699219e-01
4.083478152751922607e-01
1.518668383359909058e-01
9.459357261657714844e-01
4.477765858173370361e-01
6.559116244316101074e-01
1.358554363250732422e-01
8.043845184147357941e-03
1.483632028102874756e-01
8.194646239280700684e-01
1.288123279809951782e-01
9.460498690605163574e-01
6.072123646736145020e-01
7.703405618667602539e-01
1.724343299865722656e-01
3.927906751632690430e-01
3.993473351001739502e-01
1.808183938264846802e-01
8.524293899536132812e-01
3.976111412048339844e-01
3.749165832996368408e-01
6.527488827705383301e-01
7.604468613862991333e-02
4.061914980411529541e-01
1.618384271860122681e-01
7.922127842903137207e-01
6.931141018867492676e-01
3.202100470662117004e-02
6.404362916946411133e-01
8.336558938026428223e-02
3.682741522789001465e-01
5.091974139213562012e-02
7.022970914840698242e-02
9.320489764213562012e-01
2.639877498149871826e-01
6.236060261726379395e-01
5.712549686431884766e-01
4.141069948673248291e-02
6.964602321386337280e-02
8.641882240772247314e-02
5.488605499267578125e-01
9.360305070877075195e-01
5.636078715324401855e-01
3.489422798156738281e-01
6.708500385284423828e-01
6.803022027015686035e-01
8.517971038818359375e-01
7.971101254224777222e-02
1.155033428221940994e-02
9.506847858428955078e-01
3.888812959194183350e-01
1.000211536884307861e-01
7.962089180946350098e-01
8.157042264938354492e-01
6.883294880390167236e-02
2.868303358554840088e-01
6.761772036552429199e-01
1.296410113573074341e-01
8.513244241476058960e-02
3.460098057985305786e-02
9.521444439888000488e-01
6.578898429870605469e-01
8.318220078945159912e-02
1.158973574638366699e-01
1.027557253837585449e-01
6.911727786064147949e-01
2.166262827813625336e-02
8.983005285263061523e-01
5.096815228462219238e-01
3.907554224133491516e-02
3.407541811466217041e-01
5.017371177673339844e-01
4.368350803852081299e-01
5.465535521507263184e-01
2.700484395027160645e-01
6.519675720483064651e-03
8.406676054000854492e-01
7.297477219253778458e-03
8.703882098197937012e-01
8.085343837738037109e-01
3.302858397364616394e-02
4.234945178031921387e-01
7.576510310173034668e-01
7.936558127403259277e-01
4.877068847417831421e-02
5.286370590329170227e-02
2.203249000012874603e-02
8.876515924930572510e-02
3.614991158246994019e-02
7.475308775901794434e-01
2.682106792926788330e-01
3.379704058170318604e-02
7.669968903064727783e-02
2.865295484662055969e-02
1.291321218013763428e-01
3.784224689006805420e-01
8.119596242904663086e-01
7.417442798614501953e-01
3.296800553798675537e-01
1.620298624038696289e-01
4.344457760453224182e-02
3.078261911869049072e-01
4.728943407535552979e-01
8.849243074655532837e-02
3.529354631900787354e-01
2.258065044879913330e-01
3.527348339557647705e-01
4.800136014819145203e-02
7.862610220909118652e-01
6.859584152698516846e-02
3.985798731446266174e-02
2.852973528206348419e-02
4.708386361598968506e-01
8.495305776596069336e-01
4.060020744800567627e-01
3.887102007865905762e-01
8.074926137924194336e-01
3.561348319053649902e-01
2.752953767776489258e-01
4.098327085375785828e-02
1.139479950070381165e-01
5.960826873779296875e-01
8.463039994239807129e-01
7.210806012153625488e-01
3.670929670333862305e-01
1.261013597249984741e-01
2.802200615406036377e-01
8.321822285652160645e-01
2.229704409837722778e-01
2.261861562728881836e-01
1.376231107860803604e-02
2.279226034879684448e-01
8.503589630126953125e-01
5.110917687416076660e-01
3.074182868003845215e-01
3.933361172676086426e-02
8.496921062469482422e-01
4.941287636756896973e-01
1.056630760431289673e-01
9.328632950782775879e-01
3.713254332542419434e-01
3.262181207537651062e-02
4.035534858703613281e-01
1.455250680446624756e-01
8.559531569480895996e-01
9.608544707298278809e-01
2.249405533075332642e-02
1.341647803783416748e-01
7.300306577235460281e-03
7.050237804651260376e-02
2.125876247882843018e-01
2.153937332332134247e-02
7.353071868419647217e-02
3.069462776184082031e-01
4.161582291126251221e-01
5.766578763723373413e-02
8.561052680015563965e-01
4.306978583335876465e-01
1.070562377572059631e-01
3.732242882251739502e-01
5.310547947883605957e-01
5.564594268798828125e-01
5.574230551719665527e-01
7.161102890968322754e-01
8.379844427108764648e-01
8.166266679763793945e-01
9.221630096435546875e-01
5.028961896896362305e-01
7.577911950647830963e-03
4.835787117481231689e-01
7.005260884761810303e-02
1.347010675817728043e-02
9.940628707408905029e-02
5.999515205621719360e-02
3.672968223690986633e-02
6.167498230934143066e-01
8.905356526374816895e-01
8.852160573005676270e-01
2.770906686782836914e-02
5.971900224685668945e-01
3.567855358123779297e-01
4.733392968773841858e-02
6.577739715576171875e-01
6.955233216285705566e-01
1.939174234867095947e-01
5.702040195465087891e-01
2.740964889526367188e-01
3.802161514759063721e-01
5.903865098953247070e-01
6.898069381713867188e-01
8.086136728525161743e-02
3.947547674179077148e-01
7.288721948862075806e-02
7.295970320701599121e-01
7.697074413299560547e-01
3.245924413204193115e-01
1.050253733992576599e-01
3.796262294054031372e-02
6.434932351112365723e-01
1.850327700376510620e-01
4.537048637866973877e-01
9.148825407028198242e-01
9.558398127555847168e-01
1.376938670873641968e-01
3.863768279552459717e-01
8.573127985000610352e-01
8.239169120788574219e-01
3.133714199066162109e-02
2.819937765598297119e-01
3.858076035976409912e-01
8.498288393020629883e-01
6.868588924407958984e-02
3.521770834922790527e-01
4.588618502020835876e-02
2.865835726261138916e-01
2.705825306475162506e-02
5.986706614494323730e-01
3.990539312362670898e-01
6.040394902229309082e-01
7.510451227426528931e-02
3.731183707714080811e-01
1.215262785553932190e-01
5.349743366241455078e-01
1.625784933567047119e-01
4.930899441242218018e-01
9.378733038902282715e-01
4.952437579631805420e-01
8.581379055976867676e-01
8.589882254600524902e-01
2.861035801470279694e-02
6.689357757568359375e-01
6.875985860824584961e-01
5.007775425910949707e-01
9.143284559249877930e-01
7.828463912010192871e-01
9.649471640586853027e-01
7.595528364181518555e-01
7.551624774932861328e-01
6.227505803108215332e-01
7.785009145736694336e-01
2.594865262508392334e-01
1.436543762683868408e-01
7.569511532783508301e-01
8.120820522308349609e-01
9.721637517213821411e-02
9.108579158782958984e-02
8.681308478116989136e-02
7.429092526435852051e-01
1.522509604692459106e-01
9.123561978340148926e-01
6.147131323814392090e-01
2.504372298717498779e-01
7.597752213478088379e-01
9.126507043838500977e-01
4.897797703742980957e-01
6.075733900070190430e-01
1.945829391479492188e-02
8.559306710958480835e-02
8.522142767906188965e-01
7.988781929016113281e-01
6.595560908317565918e-01
8.333261609077453613e-01
2.626045234501361847e-02
3.564392626285552979e-01
5.030562281608581543e-01
4.600080847740173340e-02
6.483798846602439880e-03
4.152257740497589111e-02
1.949694007635116577e-01
9.291555732488632202e-02
9.079711437225341797e-01
1.817070692777633667e-02
9.426814503967761993e-03
9.244639873504638672e-01
2.546153962612152100e-02
2.872833311557769775e-01
2.663957476615905762e-01
1.533417999744415283e-01
6.307969093322753906e-01
8.425842225551605225e-02
8.128257840871810913e-02
7.939434051513671875e-01
4.051332175731658936e-01
4.974835515022277832e-01
5.303581357002258301e-01
1.150827109813690186e-01
2.261273860931396484e-01
1.688911579549312592e-02
1.507217735052108765e-01
7.650282979011535645e-01
7.452046871185302734e-01
5.395796298980712891e-01
6.447144150733947754e-01
7.186453044414520264e-02
3.854966163635253906e-01
3.959888592362403870e-02
5.032429695129394531e-01
1.819538027048110962e-01
8.175515383481979370e-02
8.849263936281204224e-02
7.258545607328414917e-02
9.244858622550964355e-01
8.537151217460632324e-01
2.917151153087615967e-01
5.728996396064758301e-01
9.859879016876220703e-01
7.896782755851745605e-01
8.448535203933715820e-01
8.229187130928039551e-01
6.498237699270248413e-02
8.307759165763854980e-01
7.037305831909179688e-01
8.876861929893493652e-01
6.320046186447143555e-01
1.183802410960197449e-01
8.391031026840209961e-01
5.318300798535346985e-02
5.679349303245544434e-01
1.999384015798568726e-01
5.202893614768981934e-01
8.302765339612960815e-02
8.173650503158569336e-01
1.091919466853141785e-01
9.616585373878479004e-01
1.248342636972665787e-02
8.342941105365753174e-02
1.212197765707969666e-01
8.324936032295227051e-01
1.408889889717102051e-01
2.196851558983325958e-02
5.497283339500427246e-01
9.413543343544006348e-01
5.086696743965148926e-01
2.840328775346279144e-02
5.486944690346717834e-02
2.089110575616359711e-02
8.581614494323730469e-01
8.780545592308044434e-01
8.645644187927246094e-01
8.294676542282104492e-01
8.586534261703491211e-01
7.803625464439392090e-01
2.782548367977142334e-01
9.262278676033020020e-01
7.824153304100036621e-01
8.582578897476196289e-01
9.662021398544311523e-01
2.024237439036369324e-02
6.020404696464538574e-01
1.319716274738311768e-01
3.021877110004425049e-01
1.048056632280349731e-01
6.944496035575866699e-01
9.038242697715759277e-01
2.049736529588699341e-01
7.626242041587829590e-01
7.875118851661682129e-01
5.088294744491577148e-01
2.938839979469776154e-02
2.793371081352233887e-01
1.350158900022506714e-01
8.295730352401733398e-01
2.070047855377197266e-01
8.829405158758163452e-02
3.700079023838043213e-02
9.375543892383575439e-02
2.942841947078704834e-01
6.567860245704650879e-01
1.362887918949127197e-01
3.000783324241638184e-01
8.340449333190917969e-01
3.550449609756469727e-01
6.619471907615661621e-01
2.887804806232452393e-01
1.407225281000137329e-01
9.272340536117553711e-01
3.344898670911788940e-02
8.025475740432739258e-01
3.681288361549377441e-01
7.041957974433898926e-02
1.640595644712448120e-01
9.184012413024902344e-01
1.536077857017517090e-01
4.930420778691768646e-03
7.549521923065185547e-01
7.759028673171997070e-01
2.761967480182647705e-01
9.017882943153381348e-01
3.888274431228637695e-01
6.505712270736694336e-01
8.906472325325012207e-01
4.183114171028137207e-01
1.157249603420495987e-02
2.643676102161407471e-01
1.425941661000251770e-02
3.202807009220123291e-01
2.744511663913726807e-01
9.273386597633361816e-01
8.183776736259460449e-01
3.797245323657989502e-01
9.751120954751968384e-02
1.428571641445159912e-01
4.509173631668090820e-01
1.631345897912979126e-01
2.744925618171691895e-01
8.742359280586242676e-01
4.222680926322937012e-01
3.916792273521423340e-01
8.780263662338256836e-01
1.920076012611389160e-01
2.294857054948806763e-02
3.704820573329925537e-01
8.122490048408508301e-01
8.635920286178588867e-01
2.252959460020065308e-02
7.951043844223022461e-01
4.249997437000274658e-01
6.253838539123535156e-02
8.119127154350280762e-01
3.380312919616699219e-01
1.583408564329147339e-02
9.317709207534790039e-01
1.185733452439308167e-01
1.486406922340393066e-01
8.843749165534973145e-01
1.241362541913986206e-01
4.823439717292785645e-01
4.332624971866607666e-01
1.257097721099853516e-01
4.801616966724395752e-01
7.525606751441955566e-01
2.399021014571189880e-02
2.002554833889007568e-01
4.703699052333831787e-01
8.106305599212646484e-01
8.438519835472106934e-01
4.442608952522277832e-01
2.698452174663543701e-01
5.934485197067260742e-01
1.617938131093978882e-01
7.211118340492248535e-01
1.674475520849227905e-01
5.872475504875183105e-01
4.476939141750335693e-02
4.640084505081176758e-01
7.642474770545959473e-02
8.561739325523376465e-01
6.763243675231933594e-01
2.766350507736206055e-01
7.685653567314147949e-01
4.342995584011077881e-01
9.376400709152221680e-01
1.113862320780754089e-01
3.536006808280944824e-01
3.946330547332763672e-01
1.520961672067642212e-01
7.249187827110290527e-01
3.097788430750370026e-02
7.389444708824157715e-01
8.427745103836059570e-01
7.384430617094039917e-02
9.263859391212463379e-01
9.507353901863098145e-01
2.630099654197692871e-01
1.067574787884950638e-02
9.310086369514465332e-01
2.303987741470336914e-01
9.564493894577026367e-01
9.501919150352478027e-01
8.865667581558227539e-01
7.715106606483459473e-01
4.279966056346893311e-01
1.171531677246093750e-01
9.301423430442810059e-01
4.333212226629257202e-02
1.361690312623977661e-01
1.695318222045898438e-01
6.151682883501052856e-02
5.848294496536254883e-01
9.432297348976135254e-01
1.009283512830734253e-01
1.238062828779220581e-01
6.171320676803588867e-01
4.389882981777191162e-01
1.611892580986022949e-01
5.668638348579406738e-01
5.999448299407958984e-01
3.246726691722869873e-01
9.123650193214416504e-01
8.041630983352661133e-01
4.875888526439666748e-01
9.629524350166320801e-01
1.349332481622695923e-01
1.397012323141098022e-01
2.872376441955566406e-01
9.398028850555419922e-01
9.371554851531982422e-01
8.415378332138061523e-01
2.900402247905731201e-01
8.972096443176269531e-01
8.954995870590209961e-01
1.761540770530700684e-01
3.197292089462280273e-01
4.653456807136535645e-01
4.348403960466384888e-02
1.925628483295440674e-01
6.536410003900527954e-02
8.115570247173309326e-02
2.279186844825744629e-01
5.847432017326354980e-01
2.306569926440715790e-02
8.264638781547546387e-01
6.566622257232666016e-01
1.895228587090969086e-02
7.554345130920410156e-01
8.893598318099975586e-01
2.959212660789489746e-02
7.533464431762695312e-01
4.351657927036285400e-01
3.102231584489345551e-02
3.850492462515830994e-02
5.492959618568420410e-01
3.610065579414367676e-01
7.368459105491638184e-01
6.036673784255981445e-01
3.062539100646972656e-01
7.570766210556030273e-01
5.429342761635780334e-02
1.971415579319000244e-01
5.676248669624328613e-02
4.262719154357910156e-01
6.991230845451354980e-01
9.199390411376953125e-01
2.154030799865722656e-01
2.591808140277862549e-01
1.817661523818969727e-01
8.187754750251770020e-01
8.577821850776672363e-01
7.221097946166992188e-01
3.171069324016571045e-01
3.272267282009124756e-01
8.656880259513854980e-01
3.558138608932495117e-01
1.398393213748931885e-01
7.438007742166519165e-02
4.605519473552703857e-01
5.735929012298583984e-01
8.272082805633544922e-01
6.896444410085678101e-02
4.319992661476135254e-01
6.477620005607604980e-01
9.542084932327270508e-01
5.582257509231567383e-01
1.970521546900272369e-02
2.061069756746292114e-01
6.818332672119140625e-01
2.443578094244003296e-01
8.697807788848876953e-01
3.204770088195800781e-01
2.339026927947998047e-01
1.246707737445831299e-01
9.703838825225830078e-02
5.475128069519996643e-02
3.411040902137756348e-01
2.184052020311355591e-01
4.324564933776855469e-01
4.573721438646316528e-02
4.407095611095428467e-01
8.050765395164489746e-01
5.665966272354125977e-01
2.806397676467895508e-01
2.267711758613586426e-01
1.570029109716415405e-01
1.814526170492172241e-01
7.387713193893432617e-01
7.309039235115051270e-01
8.989273309707641602e-01
2.253357172012329102e-01
6.396522521972656250e-01
2.786632180213928223e-01
6.854204535484313965e-01
3.342272937297821045e-01
4.560180604457855225e-01
9.380651712417602539e-01
5.135614275932312012e-01
7.318900227546691895e-01
8.463988304138183594e-01
6.967659592628479004e-01
1.168210729956626892e-01
4.147579967975616455e-01
4.868638515472412109e-01
8.364080190658569336e-01
1.032968461513519287e-01
9.304612874984741211e-01
1.484177559614181519e-01
3.550152853131294250e-02
8.161952495574951172e-01
8.882213830947875977e-01
6.337129324674606323e-02
7.265297770500183105e-01
8.064480423927307129e-01
2.208977490663528442e-01
4.938500225543975830e-01
5.898808836936950684e-01
8.018437027931213379e-01
6.411413848400115967e-02
6.989508271217346191e-01
3.208664059638977051e-02
3.796776235103607178e-01
2.735833227634429932e-01
3.822444379329681396e-01
6.980338692665100098e-01
8.617843985557556152e-01
8.245162665843963623e-03
3.275485038757324219e-01
2.859008908271789551e-01
8.635126948356628418e-01
5.616824030876159668e-01
8.068422079086303711e-01
5.188021436333656311e-02
8.578221797943115234e-01
3.092640340328216553e-01
7.875981330871582031e-01
6.157698631286621094e-01
7.318814396858215332e-01
3.541804477572441101e-02
5.773369669914245605e-01
2.472083121538162231e-01
2.995771169662475586e-02
5.702769160270690918e-01
3.714845702052116394e-02
9.447656869888305664e-01
2.588093467056751251e-02
9.318826198577880859e-01
2.780363857746124268e-01
4.192924126982688904e-02
6.634157896041870117e-01
8.509004712104797363e-01
1.787161231040954590e-01
3.586460053920745850e-01
1.996340416371822357e-02
2.892682887613773346e-02
7.550902664661407471e-02
7.628887891769409180e-02
8.540502786636352539e-01
9.460026025772094727e-01
8.434242606163024902e-01
4.663994014263153076e-01
3.770643472671508789e-01
1.862020492553710938e-01
8.286995291709899902e-01
8.789749145507812500e-01
2.069904059171676636e-01
9.587512612342834473e-01
2.897973060607910156e-01
6.601876765489578247e-02
4.622785151004791260e-01
4.418528974056243896e-01
9.412404149770736694e-02
2.663239240646362305e-01
7.914878129959106445e-01
6.697288155555725098e-02
2.380575239658355713e-01
8.971678614616394043e-01
8.093558996915817261e-02
6.799648702144622803e-02
5.760743618011474609e-01
6.419599056243896484e-01
3.346676230430603027e-01
9.746847748756408691e-01
8.296154439449310303e-02
6.765964627265930176e-02
2.617890834808349609e-01
4.820840954780578613e-01
3.462243080139160156e-01
6.139408946037292480e-01
9.028971195220947266e-01
4.332272410392761230e-01
1.955731213092803955e-01
2.171533703804016113e-01
6.449626386165618896e-02
1.142578721046447754e-01
4.590127766132354736e-01
3.363647758960723877e-01
9.692049622535705566e-01
9.239754080772399902e-02
4.750697016716003418e-01
5.410721302032470703e-01
9.466827511787414551e-01
3.696355819702148438e-01
2.158588171005249023e-01
8.590832948684692383e-01
2.928207814693450928e-01
1.956573724746704102e-01
1.171424612402915955e-01
9.569770097732543945e-01
4.715748727321624756e-01
1.055548042058944702e-01
2.000557929277420044e-01
8.014485836029052734e-01
6.410901993513107300e-02
9.033055305480957031e-01
1.450002286583185196e-02
3.259346485137939453e-01
5.505825281143188477e-01
7.096646428108215332e-01
7.632117867469787598e-01
4.450471699237823486e-01
4.770487248897552490e-01
1.199560686945915222e-01
1.712765842676162720e-01
7.825351357460021973e-01
6.306607723236083984e-01
8.159565925598144531e-01
9.403235465288162231e-02
8.604716509580612183e-03
4.622456729412078857e-01
5.151989459991455078e-01
4.716347455978393555e-01
2.838053703308105469e-01
1.793134585022926331e-02
6.361400336027145386e-02
8.372496366500854492e-01
5.615605711936950684e-01
1.120672598481178284e-01
8.994987607002258301e-01
1.196377277374267578e-01
7.920908927917480469e-01
6.837875843048095703e-01
9.497918486595153809e-01
9.949290007352828979e-02
3.590437397360801697e-02
7.275717854499816895e-01
1.463406533002853394e-01
2.545749843120574951e-01
6.464131474494934082e-01
9.542497806251049042e-03
3.118727803230285645e-01
4.932381510734558105e-01
6.961914300918579102e-01
6.242139935493469238e-01
9.733948111534118652e-02
3.306845724582672119e-01
3.643304407596588135e-01
6.238777190446853638e-02
4.291133880615234375e-01
9.322201013565063477e-01
3.389548137784004211e-02
8.002969026565551758e-01
3.934398293495178223e-02
8.827099204063415527e-01
5.680751800537109375e-01
7.369223237037658691e-02
2.753852307796478271e-01
2.069904059171676636e-01
7.984901070594787598e-01
1.425515860319137573e-01
5.410350561141967773e-01
8.293241262435913086e-01
9.842338413000106812e-02
8.066359162330627441e-01
6.412245631217956543e-01
6.670328974723815918e-01
8.292570710182189941e-01
6.777774095535278320e-01
1.333855390548706055e-01
1.903762966394424438e-01
6.504334807395935059e-01
3.253856301307678223e-02
6.329352259635925293e-01
1.625385321676731110e-02
8.655391931533813477e-01
3.811974525451660156e-01
6.630551815032958984e-01
7.847505807876586914e-01
8.706609606742858887e-01
1.185095459222793579e-01
7.835858464241027832e-01
1.733914017677307129e-02
9.487624168395996094e-01
7.248300313949584961e-02
2.081339955329895020e-01
1.372859477996826172e-01
8.818855285644531250e-01
7.526834607124328613e-01
3.976155817508697510e-01
4.083868861198425293e-01
7.061074972152709961e-01
9.177615642547607422e-01
6.809164285659790039e-01
6.538760066032409668e-01
1.072884574532508850e-01
2.742184996604919434e-01
8.385306000709533691e-01
1.923523545265197754e-01
9.774532914161682129e-01
1.871481686830520630e-01
9.577891230583190918e-02
9.363991618156433105e-01
2.083826214075088501e-01
7.837911844253540039e-01
5.113856121897697449e-02
6.555971503257751465e-01
8.378713130950927734e-01
7.339615821838378906e-01
2.862325608730316162e-01
7.944688200950622559e-01
3.435469418764114380e-02
7.417856156826019287e-02
4.237591624259948730e-01
5.043737888336181641e-01
8.716690540313720703e-01
3.091720938682556152e-01
3.696449398994445801e-01
7.578462362289428711e-01
3.194955289363861084e-01
9.330512881278991699e-01
9.026533365249633789e-01
7.631614804267883301e-01
4.512854814529418945e-01
2.482994794845581055e-01
2.454791590571403503e-02
3.044988028705120087e-02
9.516366720199584961e-01
9.253392815589904785e-01
3.017508424818515778e-02
6.308227777481079102e-01
3.547415435314178467e-01
9.315201044082641602e-01
9.423358440399169922e-01
2.233391404151916504e-01
8.283065557479858398e-01
4.454831182956695557e-01
7.855375409126281738e-01
4.909704029560089111e-01
9.261736273765563965e-01
9.098829627037048340e-01
4.536125063896179199e-01
8.859148621559143066e-02
1.576267182826995850e-02
2.173531614243984222e-02
8.792989253997802734e-01
9.163278937339782715e-01
5.719020962715148926e-01
8.551026582717895508e-01
7.143248319625854492e-01
9.295779466629028320e-01
9.122625589370727539e-01
8.247828483581542969e-01
5.810846090316772461e-01
4.482156038284301758e-02
2.890482246875762939e-01
9.486059546470642090e-01
9.127159714698791504e-01
5.438815355300903320e-01
9.191123843193054199e-01
6.371296644210815430e-01
7.991165518760681152e-01
7.547762393951416016e-01
1.248416379094123840e-01
9.483214020729064941e-01
3.326347470283508301e-02
8.396990895271301270e-01
7.119563221931457520e-02
6.419886946678161621e-01
6.422761678695678711e-01
2.214503847062587738e-02
3.732587695121765137e-01
6.984909176826477051e-01
3.474074006080627441e-01
2.773748636245727539e-01
7.896196842193603516e-01
2.048507928848266602e-01
1.802823841571807861e-01
6.818847060203552246e-01
2.926240861415863037e-01
6.433533877134323120e-02
9.967589378356933594e-02
8.218281269073486328e-01
5.978777408599853516e-01
1.683100014925003052e-01
6.637765169143676758e-01
5.742080807685852051e-01
7.571637034416198730e-01
3.424914926290512085e-02
7.702838182449340820e-01
3.956114649772644043e-01
1.487187147140502930e-01
2.721501588821411133e-01
6.644218564033508301e-01
4.195882678031921387e-01
6.013473272323608398e-01
9.632147103548049927e-02
2.015773952007293701e-01
1.955985464155673981e-02
7.998933792114257812e-01
4.877306520938873291e-01
1.913148462772369385e-01
1.893736608326435089e-02
1.971970945596694946e-01
9.400934725999832153e-02
9.627854228019714355e-01
8.662564158439636230e-01
7.837698459625244141e-01
4.358075857162475586e-01
1.352196186780929565e-01
4.854524433612823486e-01
1.596668511629104614e-01
1.233725324273109436e-01
3.316368162631988525e-02
9.017052054405212402e-01
1.140500977635383606e-01
1.141343936324119568e-01
7.088158130645751953e-01
5.402171015739440918e-01
3.404930830001831055e-01
5.030945539474487305e-01
8.457382321357727051e-01
5.865063667297363281e-01
8.286286890506744385e-02
2.892530560493469238e-01
6.361787915229797363e-01
2.026618085801601410e-02
7.028142809867858887e-01
8.771706223487854004e-01
5.303411483764648438e-01
9.299701452255249023e-01
2.282626181840896606e-01
5.313973426818847656e-01
7.096005976200103760e-02
9.015000462532043457e-01
8.657375574111938477e-01
5.917728543281555176e-01
3.479709327220916748e-01
7.410404086112976074e-01
3.041645586490631104e-01
7.882839441299438477e-02
5.225875377655029297e-01
9.481844902038574219e-01
8.814107626676559448e-02
6.029280424118041992e-01
7.953026294708251953e-01
1.931968331336975098e-02
4.115875959396362305e-01
1.095152720808982849e-01
2.717001736164093018e-01
4.908403009176254272e-02
8.777129054069519043e-01
4.711744189262390137e-01
5.581611990928649902e-01
1.509510278701782227e-01
9.360825419425964355e-01
9.291396737098693848e-01
3.755527436733245850e-01
4.031947851181030273e-01
1.514860242605209351e-01
9.096064567565917969e-01
6.092951819300651550e-02
2.997802793979644775e-01
3.888031467795372009e-02
1.285043656826019287e-01
8.491032719612121582e-01
7.908369898796081543e-01
5.755392313003540039e-01
9.596482664346694946e-02
2.138562686741352081e-02
6.488440036773681641e-01
1.549904886633157730e-02
8.729305863380432129e-01
7.735450863838195801e-01
5.591232776641845703e-01
6.447574496269226074e-01
1.628548353910446167e-01
1.070509478449821472e-01
2.878234386444091797e-01
9.282628893852233887e-01
6.552366074174642563e-03
2.146009542047977448e-02
2.962228357791900635e-01
1.785723417997360229e-01
8.350784182548522949e-01
3.923417329788208008e-01
8.173539042472839355e-01
1.140512526035308838e-01
9.229575395584106445e-01
2.755775153636932373e-01
2.583712935447692871e-01
8.274524658918380737e-02
8.397239446640014648e-01
5.733312368392944336e-01
1.241336390376091003e-01
9.093693494796752930e-01
9.225735664367675781e-01
9.074411392211914062e-01
6.121484041213989258e-01
8.822098970413208008e-01
8.536858856678009033e-02
6.473946571350097656e-01
1.429490745067596436e-01
1.474346369504928589e-01
5.969572067260742188e-01
6.379352807998657227e-01
7.326900959014892578e-03
7.280395627021789551e-01
2.458220720291137695e-01
8.841558694839477539e-01
1.956786066293716431e-01
5.226626992225646973e-01
6.572493165731430054e-02
1.252006143331527710e-01
6.646894216537475586e-01
6.673064827919006348e-01
5.687240958213806152e-01
5.748542398214340210e-02
1.530116200447082520e-01
7.402496337890625000e-01
5.321723595261573792e-02
9.099517017602920532e-02
5.396420955657958984e-01
7.399540543556213379e-01
4.308060705661773682e-01
7.605456560850143433e-02
8.321664929389953613e-01
2.069223113358020782e-02
6.252429485321044922e-01
3.541226089000701904e-01
7.619066238403320312e-01
5.930429697036743164e-01
2.176972329616546631e-01
8.460742831230163574e-01
1.471178233623504639e-01
7.132137417793273926e-01
1.328048408031463623e-01
8.232077360153198242e-01
7.401686310768127441e-01
3.284777998924255371e-01
1.244343221187591553e-01
6.225565671920776367e-01
1.338472813367843628e-01
1.110481619834899902e-01
1.151601895689964294e-01
2.877059392631053925e-02
4.958094656467437744e-01
6.480672359466552734e-01
6.218414306640625000e-01
8.001307845115661621e-01
1.948841661214828491e-01
8.423505425453186035e-01
1.647569388151168823e-01
9.839080274105072021e-02
4.503627121448516846e-01
5.625872611999511719e-01
6.187168359756469727e-01
9.500553607940673828e-01
1.502852439880371094e-01
6.117095351219177246e-01
7.847965359687805176e-01
6.747888028621673584e-02
3.011485934257507324e-02
7.900032401084899902e-01
4.573885202407836914e-01
2.286183834075927734e-01
8.967820405960083008e-01
8.268159031867980957e-01
4.072000086307525635e-01
3.368355706334114075e-02
5.526039600372314453e-01
2.312641590833663940e-02
2.412436008453369141e-01
8.437557220458984375e-01
8.365885168313980103e-02
1.310189217329025269e-01
1.571099758148193359e-01
9.466454386711120605e-03
8.763042092323303223e-01
3.136431798338890076e-02
6.234821677207946777e-01
8.051964640617370605e-01
9.164158701896667480e-01
6.435384154319763184e-01
9.391511678695678711e-01
2.582850158214569092e-01
6.927388906478881836e-01
8.716737031936645508e-01
7.726145982742309570e-01
4.916122555732727051e-01
8.507248163223266602e-01
2.781318724155426025e-01
5.842613577842712402e-01
1.161022111773490906e-01
3.020922541618347168e-01
8.801525831222534180e-01
4.854826629161834717e-02
1.963716745376586914e-01
9.574365615844726562e-01
2.540836632251739502e-01
5.181984305381774902e-01
9.923933446407318115e-02
8.358898758888244629e-02
4.588606208562850952e-02
4.150403738021850586e-01
8.793182969093322754e-01
6.120691895484924316e-01
5.784435272216796875e-01
9.158592820167541504e-01
2.128771841526031494e-01
7.206109166145324707e-01
4.318505227565765381e-01
8.036128282546997070e-01
8.012586832046508789e-01
3.972483575344085693e-01
7.334746122360229492e-01
2.693370580673217773e-01
4.275057092308998108e-02
6.571072936058044434e-01
9.215218424797058105e-01
7.019006609916687012e-01
6.541658192873001099e-02
6.134700402617454529e-02
4.480575323104858398e-01
2.120840735733509064e-02
6.872570514678955078e-02
6.487278938293457031e-01
9.646006673574447632e-02
2.720876038074493408e-01
8.707916736602783203e-01
2.011348307132720947e-01
8.986817300319671631e-02
7.465294599533081055e-01
7.793228626251220703e-01
7.834902405738830566e-01
2.223070114850997925e-01
1.872925013303756714e-01
5.683475732803344727e-01
1.071238294243812561e-01
1.933845691382884979e-02
7.889351248741149902e-01
9.409949183464050293e-01
7.261426001787185669e-02
9.136930108070373535e-01
1.179325878620147705e-01
6.587601304054260254e-01
6.250922679901123047e-01
7.998821139335632324e-01
1.212062612175941467e-01
2.531129308044910431e-02
9.653675556182861328e-01
5.524546504020690918e-01
6.212831139564514160e-01
7.736141681671142578e-01
8.006922602653503418e-01
3.135266602039337158e-01
2.969003021717071533e-01
1.119936630129814148e-01
3.894045576453208923e-02
8.738850355148315430e-01
3.153123855590820312e-01
2.551726102828979492e-01
7.287897467613220215e-01
3.004922270774841309e-01
2.174558490514755249e-01
5.483413487672805786e-02
4.583067893981933594e-01
3.913359344005584717e-01
5.875073671340942383e-01
8.897596597671508789e-01
5.228570699691772461e-01
6.865218877792358398e-01
4.363522529602050781e-01
2.022298611700534821e-02
2.109612710773944855e-02
8.585371375083923340e-01
2.244041562080383301e-01
1.630243659019470215e-01
8.898595571517944336e-01
2.508387267589569092e-01
2.363698929548263550e-02
8.259781599044799805e-01
7.910653352737426758e-01
2.538124620914459229e-01
7.797440886497497559e-01
9.197645783424377441e-01
8.508304953575134277e-01
8.593329787254333496e-02
3.269776105880737305e-01
4.844782650470733643e-01
8.844795823097229004e-02
4.343428462743759155e-02
2.650767192244529724e-02
1.424845755100250244e-01
5.477277934551239014e-02
4.124903976917266846e-01
8.815262913703918457e-01
7.315143942832946777e-01
6.722332537174224854e-02
9.900758415460586548e-02
7.162045240402221680e-01
7.574538588523864746e-01
8.686095476150512695e-01
1.790296733379364014e-01
2.292994260787963867e-01
5.809160470962524414e-01
3.437438905239105225e-01
3.015299439430236816e-01
9.648569822311401367e-01
7.554970383644104004e-01
1.366477608680725098e-01
3.603394329547882080e-01
7.298921346664428711e-01
8.985217213630676270e-01
8.958414196968078613e-02
8.693428635597229004e-01
3.410363495349884033e-01
4.347647354006767273e-02
6.227290034294128418e-01
9.306542873382568359e-01
1.127371564507484436e-01
4.365934729576110840e-01
9.774926304817199707e-01
2.080891467630863190e-02
8.287529945373535156e-01
4.633052647113800049e-02
1.588146574795246124e-02
8.712952733039855957e-01
8.828481435775756836e-01
2.935238778591156006e-01
7.317433953285217285e-01
4.373166337609291077e-02
5.176098942756652832e-01
8.354440331459045410e-01
2.700918316841125488e-01
3.267665505409240723e-01
3.750216066837310791e-01
8.858123421669006348e-01
5.747770667076110840e-01
1.476154923439025879e-01
8.973378539085388184e-01
1.254933327436447144e-01
2.470786869525909424e-01
1.895164102315902710e-01
4.245823025703430176e-01
8.311066031455993652e-02
5.715367794036865234e-01
8.304804563522338867e-01
2.966547906398773193e-01
4.507297277450561523e-01
9.327532052993774414e-01
3.662270605564117432e-01
5.103544518351554871e-02
7.994742393493652344e-01
2.452122718095779419e-01
1.966090798377990723e-01
9.098433852195739746e-01
7.265464961528778076e-02
1.150819137692451477e-01
1.287848502397537231e-01
6.650879979133605957e-02
1.604901850223541260e-01
7.638028860092163086e-01
8.072797656059265137e-01
6.701235175132751465e-01
2.925688028335571289e-01
3.805987536907196045e-01
7.550972700119018555e-02
8.218566179275512695e-01
7.551066875457763672e-01
7.693870663642883301e-01
5.351972579956054688e-01
1.508520245552062988e-01
4.820951446890830994e-02
5.793102979660034180e-01
2.024084329605102539e-01
2.923941612243652344e-01
1.333229839801788330e-01
9.050649404525756836e-01
5.996012091636657715e-01
1.486837565898895264e-01
2.739164605736732483e-02
6.536869704723358154e-02
8.959541469812393188e-02
5.909713357686996460e-02
1.712733805179595947e-01
4.089484512805938721e-01
3.914255797863006592e-01
3.831699490547180176e-01
6.298254728317260742e-01
3.662036657333374023e-01
5.966376885771751404e-02
1.566800847649574280e-02
8.665564656257629395e-01
3.461574763059616089e-02
9.269775152206420898e-01
6.729394793510437012e-01
2.065282315015792847e-01
5.035234093666076660e-01
1.691416092216968536e-02
6.673713028430938721e-02
4.168886244297027588e-01
1.520393788814544678e-01
9.071999788284301758e-01
5.586866736412048340e-01
6.553218364715576172e-01
8.276591897010803223e-01
6.884134411811828613e-01
9.426407516002655029e-02
2.165427953004837036e-01
2.177501767873764038e-01
1.654947698116302490e-01
8.570793867111206055e-01
8.111855983734130859e-01
9.962303936481475830e-02
2.161991223692893982e-02
9.054937958717346191e-01
3.556170761585235596e-01
9.002900719642639160e-01
3.531877696514129639e-01
6.139956712722778320e-01
1.704827323555946350e-02
5.592969805002212524e-02
6.915256381034851074e-01
7.568901181221008301e-01
8.940711617469787598e-01
3.083708137273788452e-02
2.449437528848648071e-01
2.245043776929378510e-02
7.828517556190490723e-01
1.533672064542770386e-01
9.513109326362609863e-01
2.390770167112350464e-01
9.449148923158645630e-02
3.748282194137573242e-01
1.797818243503570557e-01
4.212889969348907471e-01
2.846783995628356934e-01
2.001056075096130371e-02
8.349465131759643555e-01
1.191104575991630554e-01
9.626979827880859375e-01
4.401826299726963043e-03
2.506547272205352783e-01
8.496224880218505859e-01
6.977125406265258789e-01
9.177063107490539551e-01
3.140646815299987793e-01
5.015093088150024414e-02
9.129388928413391113e-01
6.773336529731750488e-01
5.502715334296226501e-02
7.133220434188842773e-01
1.901705116033554077e-01
5.798296928405761719e-01
3.027716092765331268e-02
1.481544673442840576e-01
8.411850333213806152e-01
8.183632493019104004e-01
1.010541394352912903e-01
9.342269599437713623e-02
9.210751950740814209e-02
1.470489054918289185e-01
5.119791626930236816e-01
4.544790089130401611e-01
7.845887541770935059e-02
7.092129439115524292e-02
8.752126693725585938e-01
5.372008681297302246e-01
5.403991341590881348e-01
8.751637935638427734e-01
9.005523324012756348e-01
9.132536053657531738e-01
8.352899551391601562e-01
8.989166617393493652e-01
7.938174009323120117e-01
4.487155079841613770e-01
9.670107960700988770e-01
8.543641567230224609e-01
4.064652696251869202e-02
5.773528292775154114e-02
4.200140535831451416e-01
5.143303871154785156e-01
7.974671125411987305e-01
3.990181535482406616e-02
2.797941863536834717e-01
9.225352108478546143e-02
2.864351570606231689e-01
3.832547962665557861e-01
3.778016567230224609e-02
3.390639647841453552e-02
8.399606347084045410e-01
1.000965535640716553e-01
3.759751319885253906e-01
1.518288701772689819e-01
9.552415013313293457e-01
8.404887914657592773e-01
2.793366312980651855e-01
2.375884950160980225e-01
8.114608526229858398e-01
4.982549250125885010e-01
7.567071318626403809e-01
2.001879550516605377e-02
2.792376577854156494e-01
2.278586924076080322e-01
6.030039861798286438e-02
7.020529508590698242e-01
9.044179320335388184e-01
6.270231008529663086e-01
6.407295465469360352e-01
6.610888242721557617e-01
6.706720590591430664e-02
3.494293987751007080e-01
1.164123192429542542e-01
9.037465453147888184e-01
1.600893288850784302e-01
1.513696834444999695e-02
3.667562305927276611e-01
6.791310310363769531e-01
6.169913411140441895e-01
8.827923238277435303e-02
5.641130805015563965e-01
2.621297240257263184e-01
3.495530188083648682e-01
6.736196577548980713e-02
3.784261345863342285e-01
8.635857701301574707e-01
6.010321378707885742e-01
1.421162784099578857e-01
5.301279425621032715e-01
2.819600403308868408e-01
7.267373204231262207e-01
4.183939099311828613e-01
8.981891274452209473e-01
2.635167837142944336e-01
9.540974497795104980e-01
6.942485272884368896e-02
5.482711195945739746e-01
5.724414587020874023e-01
8.140932321548461914e-01
5.095140337944030762e-01
2.685647010803222656e-01
3.166098594665527344e-01
4.117923974990844727e-02
8.808256983757019043e-01
1.565313190221786499e-01
7.195317745208740234e-01
5.929980874061584473e-01
6.956642866134643555e-02
1.542092487215995789e-02
4.862835407257080078e-01
4.845825955271720886e-02
6.190124899148941040e-02
1.489270776510238647e-01
9.303947538137435913e-02
2.313239127397537231e-01
4.873680472373962402e-01
8.184251189231872559e-01
1.910162121057510376e-01
1.798560619354248047e-01
9.036311507225036621e-01
5.667118355631828308e-02
1.243287418037652969e-02
8.758711814880371094e-02
1.242653802037239075e-01
5.586420297622680664e-01
9.346954226493835449e-01
3.485295176506042480e-01
8.379801362752914429e-02
8.379820585250854492e-01
2.278158366680145264e-01
9.873710572719573975e-02
5.261053442955017090e-01
7.152637243270874023e-01
7.017206549644470215e-01
8.613103628158569336e-02
7.690515518188476562e-01
2.880227863788604736e-01
7.540323138236999512e-01
2.683329023420810699e-02
7.334088683128356934e-01
8.680078387260437012e-01
4.201107844710350037e-02
3.393558859825134277e-01
1.366361230611801147e-01
6.536418795585632324e-01
2.122705727815628052e-01
7.304518222808837891e-01
2.500886470079421997e-02
1.057622060179710388e-01
2.906850352883338928e-02
9.660889506340026855e-01
5.362291932106018066e-01
8.580107092857360840e-01
2.084246873855590820e-01
9.500436186790466309e-01
4.149162471294403076e-01
8.509455323219299316e-01
4.026482999324798584e-01
9.223195910453796387e-01
6.318637728691101074e-01
2.899566292762756348e-01
2.330503240227699280e-02
8.550198078155517578e-01
4.946511983871459961e-01
5.215418934822082520e-01
8.451483249664306641e-01
8.809899091720581055e-01
4.184954985976219177e-02
5.360549092292785645e-01
8.745102882385253906e-01
9.604366421699523926e-01
4.291326701641082764e-01
4.464519619941711426e-01
1.971087008714675903e-01
1.877111792564392090e-01
9.555849432945251465e-01
8.802923560142517090e-01
5.656690001487731934e-01
1.616387255489826202e-02
7.261164188385009766e-01
6.318366527557373047e-01
3.634067773818969727e-01
5.537852644920349121e-01
8.481121659278869629e-01
5.497111678123474121e-01
8.747109770774841309e-01
2.298287302255630493e-02
8.100864887237548828e-01
1.811318993568420410e-01
8.970998525619506836e-01
9.088960289955139160e-01
2.360489219427108765e-01
9.929582476615905762e-02
3.828435838222503662e-01
2.277092784643173218e-01
6.847794055938720703e-01
2.438820600509643555e-01
1.134252399206161499e-01
8.912950158119201660e-01
7.286415100097656250e-01
3.160953521728515625e-01
5.518431067466735840e-01
9.492280483245849609e-01
3.151372373104095459e-01
8.145609498023986816e-01
2.422506362199783325e-02
8.042446970939636230e-01
4.685544371604919434e-01
5.654394626617431641e-01
6.576329469680786133e-02
8.779226541519165039e-01
9.676896333694458008e-01
1.516762226819992065e-01
7.685669064521789551e-01
9.515017271041870117e-01
9.413447231054306030e-02
1.792154461145401001e-01
1.612677238881587982e-02
3.323134481906890869e-01
3.269364833831787109e-01
1.224289163947105408e-01
8.746960759162902832e-01
6.596220284700393677e-02
4.228445291519165039e-01
1.643600687384605408e-02
8.043049834668636322e-03
3.231990933418273926e-01
3.450327515602111816e-01
8.389934301376342773e-01
9.278678297996520996e-01
9.679573774337768555e-01
9.120919704437255859e-01
8.511136770248413086e-01
2.147399336099624634e-01
5.669914484024047852e-01
7.533678412437438965e-01
3.624662756919860840e-01
3.886060416698455811e-02
6.954635381698608398e-01
9.382250905036926270e-01
2.302196323871612549e-01
8.262289762496948242e-01
7.532025575637817383e-01
9.553889632225036621e-01
8.574509024620056152e-01
3.223168104887008667e-02
4.297464713454246521e-02
1.218423470854759216e-01
2.722393870353698730e-01
4.441986083984375000e-01
8.631964027881622314e-02
3.842033445835113525e-01
1.422344893217086792e-02
5.263188481330871582e-01
2.614652179181575775e-02
1.159796342253684998e-01
9.377481937408447266e-01
7.882747799158096313e-02
6.038753390312194824e-01
4.226342439651489258e-01
5.764332786202430725e-02
1.439421325922012329e-01
2.872234880924224854e-01
4.540984928607940674e-01
7.111402601003646851e-02
9.310934543609619141e-01
4.611326456069946289e-01
1.266793906688690186e-01
2.707263082265853882e-02
8.495039939880371094e-01
8.668197989463806152e-01
6.140853166580200195e-01
9.081010222434997559e-01
8.356671035289764404e-02
3.388746380805969238e-01
9.546899795532226562e-01
2.193670868873596191e-01
7.769508957862854004e-01
1.648812592029571533e-01
7.873313426971435547e-01
9.552153348922729492e-01
4.345225915312767029e-02
4.483260214328765869e-01
2.398882620036602020e-02
2.871642708778381348e-01
1.743327230215072632e-01
6.444830298423767090e-01
9.204149246215820312e-01
7.665632963180541992e-01
7.469103932380676270e-01
7.410489320755004883e-01
5.406692624092102051e-01
8.566604852676391602e-01
3.438641428947448730e-01
2.031354755163192749e-01
6.289846897125244141e-01
9.247378706932067871e-01
9.718225002288818359e-01
9.113803505897521973e-01
1.023599039763212204e-02
6.702574491500854492e-01
1.380331814289093018e-01
1.685107052326202393e-01
6.442917585372924805e-01
6.563735008239746094e-02
9.217947721481323242e-02
1.545778941363096237e-02
8.696043491363525391e-02
6.141169667243957520e-01
7.002536058425903320e-01
3.388244286179542542e-02
7.430996894836425781e-01
7.462588697671890259e-02
7.634563744068145752e-02
8.703615665435791016e-01
7.230474948883056641e-01
3.073534369468688965e-01
3.319588676095008850e-02
4.404196143150329590e-01
9.070112109184265137e-01
8.167885541915893555e-01
9.393460750579833984e-01
4.676076173782348633e-01
2.292980849742889404e-01
2.486020326614379883e-01
1.507613249123096466e-02
8.733021020889282227e-01
3.193535506725311279e-01
4.000594019889831543e-01
4.954527914524078369e-01
6.720979213714599609e-01
1.911813169717788696e-01
5.147818326950073242e-01
2.226141840219497681e-02
1.649546772241592407e-01
4.603779017925262451e-01
9.351420998573303223e-01
2.893301248550415039e-01
3.741329908370971680e-01
1.578079462051391602e-01
3.205136358737945557e-01
2.221625447273254395e-01
3.113830983638763428e-01
2.816418111324310303e-01
8.722453713417053223e-01
2.511788010597229004e-01
6.658980250358581543e-01
1.773346662521362305e-01
2.150561362504959106e-01
4.406556189060211182e-01
4.542884528636932373e-01
1.184956729412078857e-01
9.156692624092102051e-01
3.718523681163787842e-02
4.105238318443298340e-01
5.321077704429626465e-01
8.811088800430297852e-01
5.650303363800048828e-01
6.640933752059936523e-01
3.676427602767944336e-01
4.845476746559143066e-01
9.208099842071533203e-01
1.500424146652221680e-01
6.828361153602600098e-01
5.276183485984802246e-01
3.823493719100952148e-01
5.367929339408874512e-01
9.225325584411621094e-01
8.268014788627624512e-01
8.869763016700744629e-01
7.788625359535217285e-02
1.314568519592285156e-01
1.164056286215782166e-01
9.937201440334320068e-02
7.069358974695205688e-02
4.061807692050933838e-02
6.258572936058044434e-01
8.562686443328857422e-01
6.455494761466979980e-01
4.152561351656913757e-02
2.853737771511077881e-01
4.601114988327026367e-01
2.689329683780670166e-01
9.075689911842346191e-01
2.009703777730464935e-02
7.406558394432067871e-01
6.909685134887695312e-01
1.336228400468826294e-01
5.991808772087097168e-01
9.286155700683593750e-01
5.541605353355407715e-01
1.334830373525619507e-01
5.373062565922737122e-02
2.233876883983612061e-01
2.368019819259643555e-01
8.776815980672836304e-02
3.721348643302917480e-01
8.776718378067016602e-01
2.086659520864486694e-01
2.259422838687896729e-01
3.490108624100685120e-02
1.898270696401596069e-01
2.680892683565616608e-02
1.991275995969772339e-01
1.170380786061286926e-01
4.424059092998504639e-01
7.405204176902770996e-01
9.513307809829711914e-01
1.248748004436492920e-01
5.646294355392456055e-01
6.477367877960205078e-01
8.348377346992492676e-01
6.400795578956604004e-01
2.643991112709045410e-01
6.571090221405029297e-01
6.206317543983459473e-01
3.966210484504699707e-01
6.132274270057678223e-01
7.253394126892089844e-01
7.224300503730773926e-01
7.881187796592712402e-01
8.858583867549896240e-02
5.996423363685607910e-01
3.075201809406280518e-02
1.163650974631309509e-01
3.485856354236602783e-01
9.445077180862426758e-01
6.723279356956481934e-01
3.286465108394622803e-01
5.325521230697631836e-01
6.237128973007202148e-01
1.232682168483734131e-01
8.689993023872375488e-01
1.967668533325195312e-01
1.521102935075759888e-01
1.583143882453441620e-02
3.238414227962493896e-01
9.538225829601287842e-03
9.523497223854064941e-01
4.908109009265899658e-01
9.214997291564941406e-01
4.664387106895446777e-01
1.124962717294692993e-01
1.111274063587188721e-01
3.897568583488464355e-01
9.156689047813415527e-01
6.131252050399780273e-01
6.402282714843750000e-01
2.316789627075195312e-01
1.101104915142059326e-01
1.691580936312675476e-02
4.488137364387512207e-02
2.899218499660491943e-01
1.127144023776054382e-01
7.343232035636901855e-01
7.924226522445678711e-01
4.287445843219757080e-01
5.803636908531188965e-01
9.275569915771484375e-01
3.956176340579986572e-01
1.936323195695877075e-02
9.651098847389221191e-01
4.084123671054840088e-01
9.265173673629760742e-01
9.434119462966918945e-01
4.085078835487365723e-01
7.630208730697631836e-01
8.977298736572265625e-01
3.293068110942840576e-01
8.930797129869461060e-02
6.401478052139282227e-01
3.615328967571258545e-01
2.684506177902221680e-01
1.395248472690582275e-01
8.064555376768112183e-02
4.351893067359924316e-02
1.668696105480194092e-01
4.255164265632629395e-01
8.767628669738769531e-01
7.623293399810791016e-01
7.731854915618896484e-01
1.721301861107349396e-02
8.893356472253799438e-02
1.250046119093894958e-02
8.688623309135437012e-01
7.609836012125015259e-02
9.811159372329711914e-01
9.819619059562683105e-01
1.984131187200546265e-01
1.450552493333816528e-01
8.711417913436889648e-01
5.634784102439880371e-01
2.268361859023571014e-02
9.680088609457015991e-02
4.614545404911041260e-02
9.258980751037597656e-01
7.759259939193725586e-01
7.920271754264831543e-01
8.761549592018127441e-01
7.734686732292175293e-01
5.944440960884094238e-01
6.398644447326660156e-01
4.988562464714050293e-01
9.208621084690093994e-02
3.418394327163696289e-01
9.205729365348815918e-01
2.367403507232666016e-01
1.146946549415588379e-01
7.902292609214782715e-01
5.000119209289550781e-01
6.526660919189453125e-02
8.961951136589050293e-01
4.841073453426361084e-01
3.405613079667091370e-02
6.166232228279113770e-01
5.305296182632446289e-01
2.651109993457794189e-01
8.712404966354370117e-02
1.641534268856048584e-01
4.187062755227088928e-02
2.313507944345474243e-01
3.078391551971435547e-01
2.797038666903972626e-02
1.092665269970893860e-01
2.480025961995124817e-02
7.783245295286178589e-02
4.857802018523216248e-02
9.760408401489257812e-01
6.972346305847167969e-01
1.408283114433288574e-01
8.524651527404785156e-01
7.098039388656616211e-01
2.300900518894195557e-01
9.544410705566406250e-01
2.647157311439514160e-01
3.493904322385787964e-02
2.362760901451110840e-01
6.852037310600280762e-01
8.700155019760131836e-01
9.558674693107604980e-01
1.877988688647747040e-02
4.278322458267211914e-01
6.635172963142395020e-01
3.200881481170654297e-01
8.809983730316162109e-01
1.974262855947017670e-02
2.016788870096206665e-01
9.522055983543395996e-01
3.272371888160705566e-01
9.582477807998657227e-01
6.937564611434936523e-01
7.247186899185180664e-01
9.160604476928710938e-01
7.132875323295593262e-01
4.970307946205139160e-01
2.354677319526672363e-01
6.606004834175109863e-01
2.701148390769958496e-01
1.790909022092819214e-01
8.396479487419128418e-01
4.833260178565979004e-01
1.986515671014785767e-01
7.571635842323303223e-01
3.737910389900207520e-01
8.716487288475036621e-01
9.423428177833557129e-01
2.309314720332622528e-02
3.027436435222625732e-01
4.951371550559997559e-01
1.636852473020553589e-01
7.237424254417419434e-01
3.723069429397583008e-01
8.542642742395401001e-02
3.858399093151092529e-01
1.039613336324691772e-01
2.226169407367706299e-02
8.130842447280883789e-01
8.954500555992126465e-01
7.397077083587646484e-01
9.141080826520919800e-02
1.155844628810882568e-01
1.397503614425659180e-01
9.604792594909667969e-01
8.616372346878051758e-01
6.005504354834556580e-02
1.472078114748001099e-01
8.893927335739135742e-01
9.521679878234863281e-01
2.568687312304973602e-02
2.614223062992095947e-01
6.452603936195373535e-01
8.223332464694976807e-02
2.631163299083709717e-01
9.490442872047424316e-01
7.331463694572448730e-01
4.397784769535064697e-01
8.755348920822143555e-01
1.603066325187683105e-01
3.602387011051177979e-02
6.304761171340942383e-01
3.008217215538024902e-01
7.868320941925048828e-01
8.525300025939941406e-01
5.684446915984153748e-02
6.643761396408081055e-01
4.360699355602264404e-01
5.975404009222984314e-02
1.098259910941123962e-01
9.496691226959228516e-01
8.466954231262207031e-01
9.242584705352783203e-01
2.881931960582733154e-01
1.673843897879123688e-02
2.215502597391605377e-02
5.562071800231933594e-01
1.526745408773422241e-01
3.836142644286155701e-02
6.962032318115234375e-01
8.502656817436218262e-01
2.246718704700469971e-01
2.018118202686309814e-01
9.286890923976898193e-02
6.691823005676269531e-01
5.181313157081604004e-01
9.231159090995788574e-01
2.567310631275177002e-01
7.124449610710144043e-01
5.157654285430908203e-01
1.823645085096359253e-01
2.757603675127029419e-02
8.983872830867767334e-02
2.994399964809417725e-01
8.938100934028625488e-01
6.972112059593200684e-01
3.405483067035675049e-01
6.704225391149520874e-02
7.453222572803497314e-02
7.888965606689453125e-01
7.629939913749694824e-02
9.580864757299423218e-02
3.493210077285766602e-01
1.420418638736009598e-02
4.132202565670013428e-01
2.191628664731979370e-01
7.375319302082061768e-02
5.391232371330261230e-01
4.436855390667915344e-02
5.509784817695617676e-02
8.195829391479492188e-01
8.369352817535400391e-01
3.178911507129669189e-01
3.782731592655181885e-01
5.524008870124816895e-01
6.089925765991210938e-01
3.706642091274261475e-01
6.789051890373229980e-01
1.785204857587814331e-01
5.474205017089843750e-01
6.434358656406402588e-02
3.568680286407470703e-01
4.666971862316131592e-01
3.458238765597343445e-02
7.692648172378540039e-01
9.061211347579956055e-02
3.991921842098236084e-01
4.715835154056549072e-01
6.373645663261413574e-01
5.323173999786376953e-01
8.447852134704589844e-01
3.199808299541473389e-01
8.593509197235107422e-01
2.605101168155670166e-01
9.347695112228393555e-01
2.648433297872543335e-02
8.369330763816833496e-01
5.850034952163696289e-01
2.248690724372863770e-01
2.474717944860458374e-01
8.930062651634216309e-01
9.585942029953002930e-01
9.297445416450500488e-01
2.679116427898406982e-01
1.810668781399726868e-02
1.152625083923339844e-01
9.400000572204589844e-01
8.885518312454223633e-01
3.825472667813301086e-02
3.986664116382598877e-01
9.557284116744995117e-01
2.133594453334808350e-01
5.882111378014087677e-03
3.400153219699859619e-01
2.844395115971565247e-02
9.582479596138000488e-01
2.339716553688049316e-01
8.426585197448730469e-01
1.723795384168624878e-02
9.522546827793121338e-02
5.538194775581359863e-01
9.914895892143249512e-02
6.204832792282104492e-01
6.441593170166015625e-01
8.697640895843505859e-02
8.011527657508850098e-01
7.753360867500305176e-01
1.062160655856132507e-01
4.443712159991264343e-02
9.199366569519042969e-01
5.796633362770080566e-01
4.170860350131988525e-02
1.757721453905105591e-01
7.128172516822814941e-01
3.475408256053924561e-01
9.496753215789794922e-01
8.708369731903076172e-01
2.949775159358978271e-01
4.983588755130767822e-01
7.386325597763061523e-01
8.099374175071716309e-01
8.064783215522766113e-01
6.475678682327270508e-01
2.018490806221961975e-02
6.911578178405761719e-01
1.938262209296226501e-02
6.364947557449340820e-01
1.128577142953872681e-01
9.504536390304565430e-01
8.065020292997360229e-02
4.525920376181602478e-02
9.293726682662963867e-01
3.665425181388854980e-01
8.189383149147033691e-01
6.801144480705261230e-01
1.431681364774703979e-01
1.154858916997909546e-01
9.884381294250488281e-02
5.687554478645324707e-01
6.621962785720825195e-02
2.805220186710357666e-01
1.156679391860961914e-01
3.926008641719818115e-01
3.527509868144989014e-01
5.045735836029052734e-01
8.667820692062377930e-02
3.177161216735839844e-01
1.368473917245864868e-01
8.806665539741516113e-01
1.572946608066558838e-01
2.469403743743896484e-01
2.846677303314208984e-01
2.940239310264587402e-01
2.538942694664001465e-01
1.095799952745437622e-01
3.625216186046600342e-01
2.632307112216949463e-01
7.537731528282165527e-02
2.991609573364257812e-01
8.592138886451721191e-01
1.253976821899414062e-01
8.958778381347656250e-01
1.157052591443061829e-01
1.645963937044143677e-01
8.888032436370849609e-01
9.604287743568420410e-01
8.532159924507141113e-01
7.142365574836730957e-01
2.085887044668197632e-01
5.602603554725646973e-01
9.014024138450622559e-01
5.469542145729064941e-01
7.108937948942184448e-02
2.246190458536148071e-01
7.863888740539550781e-01
9.158651828765869141e-01
8.840698003768920898e-01
2.911911606788635254e-01
8.841422945261001587e-02
4.042258858680725098e-01
6.021885275840759277e-01
2.259805202484130859e-01
5.570875406265258789e-01
8.276604115962982178e-02
9.594695270061492920e-02
2.670741379261016846e-01
7.705158591270446777e-01
1.356033086776733398e-01
3.277878761291503906e-01
7.522076368331909180e-01
7.097282409667968750e-01
1.023292820900678635e-02
3.532093390822410583e-02
7.912152409553527832e-01
5.747709423303604126e-02
5.379940867424011230e-01
8.963497281074523926e-01
7.659359574317932129e-01
1.822336465120315552e-01
4.588679969310760498e-01
4.942043423652648926e-01
1.370043754577636719e-01
6.820740103721618652e-01
2.041583061218261719e-01
9.353570938110351562e-01
9.455152153968811035e-01
4.892416298389434814e-01
4.568255543708801270e-01
9.569330215454101562e-01
5.910030007362365723e-01
2.731921672821044922e-01
9.468998312950134277e-01
9.606413245201110840e-01
3.069219291210174561e-01
1.464024931192398071e-01
8.116013556718826294e-02
3.725512921810150146e-01
3.460485041141510010e-01
2.042177319526672363e-01
9.621651172637939453e-01
4.756249487400054932e-01
6.547465324401855469e-01
1.171219497919082642e-01
6.785039305686950684e-01
5.697216987609863281e-01
1.447461247444152832e-01
5.187820196151733398e-01
7.854583263397216797e-01
1.301433891057968140e-01
3.051008880138397217e-01
7.602066993713378906e-01
6.022610664367675781e-01
2.878588736057281494e-01
3.607821464538574219e-02
8.590360879898071289e-01
9.403300285339355469e-01
8.928728103637695312e-01
5.506677553057670593e-03
4.688602685928344727e-01
8.057116866111755371e-01
2.320776879787445068e-01
5.602393746376037598e-01
2.993245981633663177e-02
6.167184710502624512e-01
4.946482479572296143e-01
1.618398278951644897e-01
9.133349657058715820e-01
4.210033714771270752e-01
7.486993670463562012e-01
5.391620099544525146e-02
2.932007312774658203e-01
7.989972829818725586e-01
7.237277179956436157e-02
6.602302193641662598e-01
8.877452611923217773e-01
6.307075023651123047e-01
9.310821890830993652e-01
8.345610499382019043e-01
5.615434646606445312e-01
8.283081054687500000e-01
1.144456788897514343e-01
1.698098480701446533e-01
8.971140980720520020e-01
1.828585714101791382e-01
4.480237513780593872e-02
8.293144106864929199e-01
1.285060793161392212e-01
1.595298200845718384e-02
1.109365075826644897e-01
7.780945897102355957e-01
7.902963757514953613e-01
3.917627930641174316e-01
3.380280435085296631e-01
6.610909104347229004e-01
1.454332917928695679e-01
3.370068967342376709e-02
6.807193756103515625e-01
5.954589843750000000e-01
9.433863759040832520e-01
2.405654639005661011e-01
3.685085475444793701e-02
5.813736319541931152e-01
4.667712748050689697e-01
3.158980011940002441e-01
3.230239152908325195e-01
4.090549945831298828e-01
5.922299996018409729e-02
7.194835543632507324e-01
6.865011900663375854e-02
4.760918915271759033e-01
9.165146350860595703e-01
3.834606707096099854e-01
8.505593538284301758e-01
8.730465769767761230e-01
2.729405164718627930e-01
2.102654129266738892e-01
8.777892589569091797e-01
1.499403640627861023e-02
2.029885649681091309e-01
1.167483255267143250e-01
4.693228304386138916e-01
4.291777312755584717e-02
9.605287313461303711e-01
1.301356106996536255e-01
4.349217116832733154e-01
1.779351383447647095e-01
9.812293052673339844e-01
7.876909375190734863e-01
9.913831204175949097e-02
2.205550521612167358e-01
8.066134452819824219e-01
9.357050061225891113e-01
1.055681034922599792e-01
6.391927003860473633e-01
3.461949527263641357e-01
7.969400286674499512e-01
4.815963506698608398e-01
8.540276885032653809e-01
9.396405220031738281e-01
6.084676831960678101e-02
9.224625229835510254e-01
7.863946557044982910e-01
5.520511269569396973e-01
9.677845835685729980e-01
6.721368432044982910e-01
7.125525176525115967e-02
7.446081042289733887e-01
9.778552502393722534e-02
4.625875353813171387e-01
8.358354568481445312e-01
4.313319176435470581e-02
6.970037519931793213e-02
9.545761346817016602e-02
5.847385525703430176e-01
5.477523207664489746e-01
6.705392897129058838e-02
6.350045800209045410e-01
8.588345050811767578e-01
4.774153530597686768e-01
6.741871237754821777e-01
3.033952414989471436e-02
4.249527156352996826e-01
2.741253077983856201e-01
2.162426114082336426e-01
9.121654629707336426e-01
2.194201014935970306e-02
6.434744596481323242e-01
4.838777333498001099e-02
8.277143239974975586e-01
3.815278783440589905e-02
9.377127289772033691e-01
3.929439559578895569e-02
1.117777898907661438e-01
3.563366830348968506e-02
1.184959262609481812e-01
7.919889688491821289e-01
2.350911051034927368e-01
8.926150202751159668e-01
8.516345024108886719e-01
4.844185709953308105e-01
9.083854556083679199e-01
3.751212358474731445e-02
7.513323426246643066e-02
8.388091921806335449e-01
2.717835605144500732e-01
6.360790133476257324e-01
5.392469763755798340e-01
9.038720726966857910e-01
9.183712303638458252e-02
1.825204789638519287e-01
1.612606048583984375e-01
1.207391452044248581e-02
2.132275104522705078e-01
7.643758654594421387e-01
1.012865174561738968e-02
4.148328900337219238e-01
8.188007771968841553e-02
4.250928387045860291e-02
8.922640681266784668e-01
7.832713127136230469e-01
1.764175444841384888e-01
1.780658215284347534e-01
1.347636580467224121e-01
5.159953236579895020e-01
2.206733971834182739e-01
2.069904059171676636e-01
1.399849653244018555e-01
9.348240494728088379e-01
5.681535005569458008e-01
8.298719674348831177e-02
1.767736226320266724e-01
2.741601765155792236e-01
5.552366971969604492e-01
4.710119962692260742e-02
4.944337904453277588e-01
1.552164703607559204e-01
4.833004772663116455e-01
1.458715498447418213e-01
2.303781509399414062e-01
3.035812675952911377e-01
6.914837360382080078e-01
6.459660083055496216e-02
2.214973270893096924e-01
7.258914709091186523e-01
2.272024452686309814e-01
2.375285774469375610e-01
8.648997172713279724e-03
2.319312989711761475e-01
5.292271375656127930e-01
7.966063916683197021e-02
3.779061138629913330e-01
6.429360508918762207e-01
5.790055990219116211e-01
1.226133406162261963e-01
3.945309519767761230e-01
2.933790087699890137e-01
8.286226391792297363e-01
2.838605642318725586e-01
1.116065233945846558e-01
1.132491901516914368e-01
2.226653099060058594e-01
7.431898713111877441e-01
6.673580408096313477e-01
6.883592903614044189e-02
5.466181039810180664e-01
8.127346634864807129e-01
1.464024931192398071e-01
8.407215029001235962e-02
9.382338523864746094e-01
1.183507777750492096e-02
4.168677628040313721e-01
2.860535383224487305e-01
3.795044422149658203e-01
3.018820583820343018e-01
9.457429051399230957e-01
2.741970121860504150e-01
7.101415991783142090e-01
1.464059501886367798e-01
3.314245343208312988e-01
5.263949632644653320e-01
9.461491107940673828e-01
8.911268115043640137e-01
8.066955804824829102e-01
7.449780106544494629e-01
6.385439634323120117e-01
5.076184272766113281e-01
7.095436453819274902e-01
5.835254192352294922e-01
4.344818294048309326e-01
6.463336348533630371e-01
9.726653695106506348e-01
7.295536994934082031e-01
6.784821301698684692e-02
8.451683521270751953e-01
8.619722127914428711e-01
7.710825800895690918e-01
4.582704976201057434e-02
2.025708556175231934e-01
2.357123494148254395e-01
5.224271416664123535e-01
7.485452890396118164e-01
8.049943447113037109e-01
1.324101090431213379e-01
4.840466678142547607e-01
6.078850626945495605e-01
1.417070329189300537e-01
4.153780266642570496e-02
5.045206546783447266e-01
2.603618204593658447e-01
8.296700119972229004e-01
2.100987173616886139e-02
1.100035011768341064e-02
9.620715975761413574e-01
1.313677132129669189e-01
2.210864275693893433e-01
2.273911237716674805e-01
2.147202938795089722e-02
7.378810048103332520e-01
2.962185740470886230e-01
7.118964791297912598e-01
9.755271673202514648e-01
8.949498534202575684e-01
1.221656128764152527e-01
7.865524888038635254e-01
9.357734322547912598e-01
2.649878263473510742e-01
4.789088070392608643e-01
9.816589355468750000e-01
1.537586897611618042e-01
9.323747754096984863e-01
2.786658108234405518e-01
9.666485786437988281e-01
2.750191837549209595e-02
9.165759086608886719e-01
1.113755721598863602e-02
2.303781509399414062e-01
2.620062232017517090e-01
8.211828470230102539e-01
7.456836700439453125e-01
6.795628666877746582e-01
8.180016279220581055e-01
4.957168698310852051e-01
6.694991141557693481e-03
1.953118294477462769e-02
9.141452312469482422e-01
2.473828792572021484e-01
6.010245084762573242e-01
1.461694687604904175e-01
3.297250270843505859e-01
5.824969410896301270e-01
6.590645313262939453e-01
1.054584532976150513e-01
2.813056409358978271e-01
2.768160030245780945e-02
8.778021931648254395e-01
4.224695861339569092e-01
7.496024966239929199e-01
7.069281935691833496e-01
1.484361886978149414e-01
8.220198750495910645e-01
1.873477548360824585e-01
3.030455708503723145e-01
8.507151603698730469e-01
9.874631464481353760e-02
4.993380606174468994e-01
6.578423380851745605e-01
1.280266791582107544e-01
1.405449211597442627e-02
3.954392075538635254e-01
2.794939838349819183e-02
7.638814859092235565e-03
3.678791522979736328e-01
3.406293988227844238e-01
3.256356120109558105e-01
1.081148609519004822e-01
4.743230938911437988e-01
7.698591947555541992e-01
3.174328207969665527e-01
3.095886707305908203e-01
2.047273367643356323e-01
5.591840147972106934e-01
8.684426546096801758e-01
7.199685573577880859e-01
7.022755146026611328e-01
6.447154879570007324e-01
3.778221085667610168e-02
6.216982007026672363e-01
2.639661915600299835e-02
1.313980221748352051e-01
8.481367826461791992e-01
5.736569762229919434e-01
7.259489297866821289e-01
5.496248006820678711e-01
2.556430697441101074e-01
1.562171280384063721e-01
2.456788867712020874e-01
5.877671390771865845e-02
9.629238247871398926e-01
1.809495389461517334e-01
3.287688791751861572e-01
8.490546345710754395e-01
5.980954691767692566e-02
8.394288420677185059e-01
3.687698626890778542e-03
8.118001818656921387e-01
