2.637540102005004883e-01
2.614361643791198730e-01
8.310973644256591797e-02
9.466534256935119629e-01
4.648471772670745850e-01
5.552248358726501465e-01
1.039350181818008423e-01
9.387733414769172668e-03
6.868977844715118408e-02
8.179962635040283203e-01
1.310103684663772583e-01
9.384669065475463867e-01
5.547021031379699707e-01
7.629763484001159668e-01
1.044438481330871582e-01
1.849216371774673462e-01
4.909839928150177002e-01
1.385338008403778076e-01
8.485084772109985352e-01
3.636231422424316406e-01
3.880164325237274170e-01
7.106173038482666016e-01
6.117538362741470337e-02
3.365150988101959229e-01
2.145124971866607666e-01
7.991964817047119141e-01
8.171116113662719727e-01
2.873606421053409576e-02
5.782394409179687500e-01
9.342667460441589355e-02
1.993717104196548462e-01
3.306974470615386963e-02
3.657633811235427856e-02
9.579437971115112305e-01
1.200746893882751465e-01
5.299677848815917969e-01
3.808078467845916748e-01
4.441967979073524475e-02
5.264399945735931396e-02
9.233424067497253418e-02
4.730612635612487793e-01
9.342343211174011230e-01
2.802296876907348633e-01
2.857505381107330322e-01
3.778277039527893066e-01
5.447562932968139648e-01
8.990797996520996094e-01
5.549465492367744446e-02
1.737823709845542908e-02
9.561059474945068359e-01
1.770910769701004028e-01
4.072357714176177979e-02
8.416158556938171387e-01
7.807824015617370605e-01
6.282339245080947876e-02
3.218587040901184082e-01
6.353483796119689941e-01
1.027197465300559998e-01
6.544350832700729370e-02
3.333869948983192444e-02
9.571533203125000000e-01
7.537289857864379883e-01
1.110996454954147339e-01
6.105102971196174622e-02
1.148612946271896362e-01
6.042781472206115723e-01
2.087064273655414581e-02
8.638384342193603516e-01
1.515618413686752319e-01
2.117013745009899139e-02
4.875188767910003662e-01
5.391804575920104980e-01
3.001438677310943604e-01
4.078857898712158203e-01
3.009378015995025635e-01
6.854766979813575745e-03
8.340080976486206055e-01
9.714277461171150208e-03
8.752831816673278809e-01
9.094036817550659180e-01
2.830597385764122009e-02
4.896152317523956299e-01
5.484960675239562988e-01
6.010918021202087402e-01
4.637423157691955566e-02
4.275418072938919067e-02
2.635050192475318909e-02
8.707205206155776978e-02
3.917947039008140564e-02
7.660359740257263184e-01
2.793643176555633545e-01
4.390284419059753418e-02
6.193262711167335510e-02
2.608103118836879730e-02
9.753059595823287964e-02
3.923813402652740479e-01
7.433072328567504883e-01
7.510530948638916016e-01
4.183050394058227539e-01
1.536230295896530151e-01
4.676784947514533997e-02
2.565615773200988770e-01
3.494528234004974365e-01
8.603383600711822510e-02
3.681865036487579346e-01
1.520359218120574951e-01
1.432621777057647705e-01
5.180173367261886597e-02
6.834917068481445312e-01
6.879328936338424683e-02
3.687656298279762268e-02
2.217214554548263550e-02
4.880734980106353760e-01
8.381815552711486816e-01
2.061246037483215332e-01
2.050403505563735962e-01
8.389393687248229980e-01
1.470233947038650513e-01
1.696399897336959839e-01
3.615349158644676208e-02
7.010672986507415771e-02
3.976626396179199219e-01
8.568023443222045898e-01
8.185476064682006836e-01
1.742221564054489136e-01
6.239017099142074585e-02
2.905974984169006348e-01
8.381372094154357910e-01
9.912664443254470825e-02
1.890575587749481201e-01
1.208826806396245956e-02
7.646030932664871216e-02
8.305419087409973145e-01
5.455307364463806152e-01
2.655358612537384033e-01
3.676648437976837158e-02
7.435467243194580078e-01
3.231755495071411133e-01
8.016949892044067383e-02
7.783268094062805176e-01
2.835721075534820557e-01
3.634143993258476257e-02
1.254236698150634766e-01
1.901244968175888062e-01
8.533896207809448242e-01
9.407022595405578613e-01
2.281629852950572968e-02
1.386076062917709351e-01
1.054107025265693665e-02
5.410937219858169556e-02
2.100591361522674561e-01
2.749001607298851013e-02
5.028191581368446350e-02
2.504047155380249023e-01
1.654472947120666504e-01
3.316662460565567017e-02
8.875976800918579102e-01
4.690466821193695068e-01
1.309912949800491333e-01
4.174403846263885498e-01
3.573458790779113770e-01
3.999255299568176270e-01
4.915976524353027344e-01
2.542200386524200439e-01
8.672220110893249512e-01
8.331964612007141113e-01
9.240422844886779785e-01
4.074482321739196777e-01
9.737924672663211823e-03
2.084627598524093628e-01
5.384984984993934631e-02
1.418812386691570282e-02
4.515975713729858398e-02
5.427777394652366638e-02
2.542941831052303314e-02
4.532670974731445312e-01
8.703304529190063477e-01
9.029531478881835938e-01
3.165047988295555115e-02
3.587012290954589844e-01
2.074938267469406128e-01
4.105809703469276428e-02
7.283233404159545898e-01
6.213644146919250488e-01
1.782133728265762329e-01
4.296250641345977783e-01
1.057539954781532288e-01
2.686962485313415527e-01
6.202155351638793945e-01
5.525050163269042969e-01
3.264031931757926941e-02
1.828334182500839233e-01
5.284080281853675842e-02
5.898705124855041504e-01
6.100111603736877441e-01
3.925906121730804443e-01
1.006777063012123108e-01
2.584820240736007690e-02
5.992876887321472168e-01
2.052061557769775391e-01
4.829334914684295654e-01
9.188113212585449219e-01
9.505338072776794434e-01
8.553630113601684570e-02
4.279920756816864014e-01
8.738692998886108398e-01
7.715176939964294434e-01
1.923208683729171753e-02
2.451058626174926758e-01
2.756305634975433350e-01
9.031462669372558594e-01
5.999285355210304260e-02
4.114491939544677734e-01
5.468530207872390747e-02
3.549625277519226074e-01
3.263510018587112427e-02
4.554243683815002441e-01
4.968619644641876221e-01
2.409152835607528687e-01
3.652718663215637207e-02
2.750339806079864502e-01
1.059324592351913452e-01
5.932008028030395508e-01
1.262133270502090454e-01
3.611059188842773438e-01
9.195995926856994629e-01
2.329908907413482666e-01
7.723731994628906250e-01
8.493937849998474121e-01
2.002128399908542633e-02
6.853875517845153809e-01
5.638288855552673340e-01
2.852697670459747314e-01
9.225293397903442383e-01
7.709658741950988770e-01
9.686993360519409180e-01
6.846895217895507812e-01
8.073855042457580566e-01
5.859906077384948730e-01
7.214304208755493164e-01
3.126184940338134766e-01
1.859059780836105347e-01
5.662067532539367676e-01
7.893855571746826172e-01
1.069723442196846008e-01
5.522825196385383606e-02
4.254113510251045227e-02
6.569600105285644531e-01
7.699839025735855103e-02
9.190993905067443848e-01
4.990248680114746094e-01
2.190190553665161133e-01
8.084109425544738770e-01
8.987830877304077148e-01
5.781731605529785156e-01
3.536587357521057129e-01
2.425845526158809662e-02
4.486092552542686462e-02
8.320339322090148926e-01
7.470744848251342773e-01
5.269328355789184570e-01
8.455332517623901367e-01
3.297485411167144775e-02
2.416585087776184082e-01
5.281968116760253906e-01
3.217943385243415833e-02
7.396307308226823807e-03
3.479645401239395142e-02
1.440019160509109497e-01
9.742364287376403809e-02
8.571480512619018555e-01
2.241668291389942169e-02
8.032507263123989105e-03
9.227621555328369141e-01
2.000355347990989685e-02
1.357322037220001221e-01
2.308596074581146240e-01
7.577613741159439087e-02
6.150864958763122559e-01
7.133252173662185669e-02
1.330110728740692139e-01
6.293141841888427734e-01
3.764883279800415039e-01
3.631941676139831543e-01
3.137912154197692871e-01
5.142778158187866211e-02
2.064675986766815186e-01
1.385594438761472702e-02
1.914097815752029419e-01
7.145150303840637207e-01
8.011874556541442871e-01
1.908692568540573120e-01
1.039131730794906616e-01
6.486822664737701416e-02
3.833170533180236816e-01
6.247389316558837891e-02
5.088090896606445312e-01
1.169737875461578369e-01
6.220403313636779785e-02
6.160751730203628540e-02
3.255517035722732544e-02
9.270288348197937012e-01
8.564755916595458984e-01
1.581014245748519897e-01
1.318937838077545166e-01
9.873930215835571289e-01
7.759645581245422363e-01
8.329512476921081543e-01
7.564918994903564453e-01
1.030801385641098022e-01
8.079459667205810547e-01
7.686300277709960938e-01
9.263182878494262695e-01
4.946471452713012695e-01
4.723409935832023621e-02
8.098717927932739258e-01
4.375016316771507263e-02
4.100150167942047119e-01
6.463591754436492920e-02
5.518769025802612305e-01
6.637158244848251343e-02
6.472783088684082031e-01
1.187268272042274475e-01
9.562273025512695312e-01
1.041470561176538467e-02
5.364206060767173767e-02
1.082344874739646912e-01
7.712145447731018066e-01
8.672668784856796265e-02
1.796125434339046478e-02
3.806414008140563965e-01
9.033810496330261230e-01
3.918420970439910889e-01
1.928206905722618103e-02
4.037291929125785828e-02
3.058096766471862793e-02
8.026142120361328125e-01
7.737479209899902344e-01
6.826971769332885742e-01
8.368418812751770020e-01
8.805650472640991211e-01
8.355773091316223145e-01
1.010446324944496155e-01
9.159409999847412109e-01
7.132872343063354492e-01
8.685801029205322266e-01
9.550977349281311035e-01
2.395902946591377258e-02
6.086693406105041504e-01
7.766855508089065552e-02
3.315334618091583252e-01
6.696522980928421021e-02
7.151204347610473633e-01
8.424928784370422363e-01
7.516554743051528931e-02
6.737513542175292969e-01
6.756929755210876465e-01
1.400366723537445068e-01
1.845705881714820862e-02
2.412082105875015259e-01
8.559507876634597778e-02
8.269484043121337891e-01
1.821433305740356445e-01
4.451135918498039246e-02
3.271050751209259033e-02
4.599425941705703735e-02
1.405329853296279907e-01
6.684818863868713379e-01
6.552255898714065552e-02
2.286237776279449463e-01
5.782817006111145020e-01
2.828787863254547119e-01
6.968926787376403809e-01
3.137612640857696533e-01
1.595643162727355957e-01
9.268705844879150391e-01
4.735349118709564209e-02
8.090364336967468262e-01
2.842915952205657959e-01
6.368740648031234741e-02
1.151792854070663452e-01
9.040356874465942383e-01
9.735944867134094238e-02
6.036228034645318985e-03
5.731505155563354492e-01
8.081128001213073730e-01
2.328807413578033447e-01
9.281920790672302246e-01
1.433231532573699951e-01
4.313580393791198730e-01
8.649036288261413574e-01
3.593567311763763428e-01
1.887755468487739563e-02
6.153165549039840698e-02
1.229341980069875717e-02
2.402320951223373413e-01
1.158945709466934204e-01
9.247447252273559570e-01
5.623951554298400879e-01
2.480212002992630005e-01
2.962558902800083160e-02
6.751400977373123169e-02
2.802790105342864990e-01
2.033468484878540039e-01
3.661021590232849121e-01
8.098343610763549805e-01
3.625664412975311279e-01
3.713980019092559814e-01
7.495540380477905273e-01
2.307351380586624146e-01
2.413930557668209076e-02
2.224400937557220459e-01
7.986385822296142578e-01
8.542124629020690918e-01
1.408150326460599899e-02
5.995053052902221680e-01
5.119371414184570312e-01
8.057856559753417969e-02
7.993544936180114746e-01
3.770797252655029297e-01
1.342737022787332535e-02
8.944810628890991211e-01
6.268402189016342163e-02
9.890577942132949829e-02
8.722073435783386230e-01
1.091372072696685791e-01
4.820086061954498291e-01
3.269692361354827881e-01
1.757999658584594727e-01
4.384809732437133789e-01
6.351624727249145508e-01
3.335211798548698425e-02
7.229848951101303101e-02
6.075707674026489258e-01
7.375516295433044434e-01
8.413445353507995605e-01
3.868987858295440674e-01
2.592115402221679688e-01
5.154313445091247559e-01
1.010147929191589355e-01
7.775577902793884277e-01
1.522185802459716797e-01
6.194288134574890137e-01
2.967206202447414398e-02
3.084579706192016602e-01
5.745091661810874939e-02
8.927350640296936035e-01
3.827660977840423584e-01
2.212650030851364136e-01
7.666050195693969727e-01
3.471411168575286865e-01
7.190695405006408691e-01
5.252163857221603394e-02
1.631554961204528809e-01
8.520745486021041870e-02
1.174060106277465820e-01
7.230858206748962402e-01
2.921505458652973175e-02
7.207567095756530762e-01
8.630596399307250977e-01
3.915198519825935364e-02
9.312834143638610840e-01
9.579167366027832031e-01
1.112467423081398010e-01
1.554525364190340042e-02
9.444780945777893066e-01
1.809670925140380859e-01
9.531208276748657227e-01
9.314625859260559082e-01
8.294613361358642578e-01
5.211642384529113770e-01
4.554389715194702148e-01
4.605866968631744385e-02
9.338575005531311035e-01
5.235322937369346619e-02
1.197549030184745789e-01
9.534893184900283813e-02
6.721436977386474609e-02
4.035446345806121826e-01
9.285334944725036621e-01
1.081735864281654358e-01
1.052862256765365601e-01
2.598968744277954102e-01
4.002347588539123535e-01
2.130942046642303467e-01
5.479065179824829102e-01
4.652021825313568115e-01
2.867624163627624512e-01
9.279806613922119141e-01
8.185265660285949707e-01
5.104929804801940918e-01
9.726852774620056152e-01
1.067899540066719055e-01
1.215646564960479736e-01
2.249553948640823364e-01
9.382699131965637207e-01
9.469515085220336914e-01
8.396744728088378906e-01
1.158794239163398743e-01
9.015618562698364258e-01
8.819639086723327637e-01
1.632244139909744263e-01
3.730314075946807861e-01
3.757527172565460205e-01
3.910452499985694885e-02
1.797483265399932861e-01
6.008077785372734070e-02
5.010976269841194153e-02
1.334986686706542969e-01
1.776859462261199951e-01
2.266008965671062469e-02
8.299144506454467773e-01
6.858501434326171875e-01
2.032901532948017120e-02
5.699584484100341797e-01
8.745292425155639648e-01
2.789062447845935822e-02
5.469140410423278809e-01
3.265131711959838867e-01
2.841552160680294037e-02
5.235256627202033997e-02
4.978283345699310303e-01
2.703840732574462891e-01
5.050542354583740234e-01
6.962826251983642578e-01
1.325421631336212158e-01
7.313143610954284668e-01
5.542764812707901001e-02
1.467607468366622925e-01
5.105444043874740601e-02
4.996906220912933350e-01
7.047978043556213379e-01
9.454479813575744629e-01
1.119385436177253723e-01
2.442590594291687012e-01
9.217941761016845703e-02
8.010359406471252441e-01
8.876562118530273438e-01
6.977165937423706055e-01
4.107316434383392334e-01
2.870877087116241455e-01
7.442753911018371582e-01
1.907999664545059204e-01
8.468179404735565186e-02
3.685822337865829468e-02
3.511704206466674805e-01
6.013382673263549805e-01
7.797989845275878906e-01
8.175026625394821167e-02
1.486970186233520508e-01
6.031182408332824707e-01
9.714822769165039062e-01
4.191796183586120605e-01
1.445399131625890732e-02
1.756880879402160645e-01
7.816462516784667969e-01
1.201240196824073792e-01
8.439561724662780762e-01
3.025734126567840576e-01
1.029127538204193115e-01
3.281679749488830566e-02
3.713805601000785828e-02
5.438597500324249268e-02
2.557709217071533203e-01
1.840620636940002441e-01
2.966808378696441650e-01
4.138665646314620972e-02
3.978744447231292725e-01
8.076968789100646973e-01
3.321657776832580566e-01
3.359647393226623535e-01
5.881927907466888428e-02
1.400521844625473022e-01
1.150599867105484009e-01
7.154669165611267090e-01
5.292871594429016113e-01
9.350643754005432129e-01
8.494386076927185059e-02
4.293806254863739014e-01
2.591171562671661377e-01
6.198558211326599121e-01
2.996458411216735840e-01
1.933834701776504517e-01
8.919269442558288574e-01
4.634719491004943848e-01
7.983992099761962891e-01
8.010160326957702637e-01
6.271483898162841797e-01
8.499172329902648926e-02
1.128798723220825195e-01
3.440012335777282715e-01
8.573259115219116211e-01
5.375726521015167236e-02
9.438612461090087891e-01
1.092638820409774780e-01
2.916638180613517761e-02
5.903799533843994141e-01
8.256273269653320312e-01
4.466079548001289368e-02
6.446258425712585449e-01
8.025461435317993164e-01
1.594630479812622070e-01
5.733690261840820312e-01
5.633556246757507324e-01
4.677878916263580322e-01
5.380942672491073608e-02
6.359198689460754395e-01
3.106220252811908722e-02
3.952646851539611816e-01
3.263294696807861328e-01
4.002209901809692383e-01
6.548355817794799805e-01
8.666436076164245605e-01
1.182302739471197128e-02
4.076282680034637451e-01
1.329114139080047607e-01
8.328198194503784180e-01
4.803420007228851318e-01
7.133054733276367188e-01
4.331839829683303833e-02
8.183824419975280762e-01
1.063429564237594604e-01
4.936214983463287354e-01
5.897808074951171875e-01
8.063135147094726562e-01
1.952182129025459290e-02
6.061630845069885254e-01
2.811002731323242188e-01
2.875609323382377625e-02
3.507625460624694824e-01
2.331228367984294891e-02
9.418727159500122070e-01
2.775333821773529053e-02
8.780790567398071289e-01
2.619737088680267334e-01
4.544185101985931396e-02
5.069666504859924316e-01
7.891995906829833984e-01
5.888967961072921753e-02
2.489580661058425903e-01
1.377544924616813660e-02
4.450078308582305908e-02
6.893109530210494995e-02
3.361414745450019836e-02
8.899862170219421387e-01
9.451297521591186523e-01
7.920199632644653320e-01
4.137052297592163086e-01
4.576956033706665039e-01
1.788581609725952148e-01
7.630095481872558594e-01
7.184922099113464355e-01
2.510776519775390625e-01
9.630395770072937012e-01
2.778050303459167480e-01
4.798809066414833069e-02
4.641399085521697998e-01
1.184294745326042175e-01
6.762041151523590088e-02
1.020458340644836426e-01
8.818941116333007812e-01
3.306521475315093994e-02
1.735340356826782227e-01
7.275264263153076172e-01
1.012346744537353516e-01
4.762072116136550903e-02
5.568281412124633789e-01
5.999164581298828125e-01
3.679828047752380371e-01
9.806507825851440430e-01
1.180729642510414124e-01
6.443876028060913086e-02
1.726349741220474243e-01
5.337588191032409668e-01
3.392290174961090088e-01
6.417238116264343262e-01
9.171381592750549316e-01
5.817047953605651855e-01
1.056028231978416443e-01
7.346011698246002197e-02
9.795451909303665161e-02
1.081859394907951355e-01
3.350731432437896729e-01
2.893383204936981201e-01
9.698614478111267090e-01
5.594066530466079712e-02
4.820407330989837646e-01
5.847859978675842285e-01
9.360989928245544434e-01
2.879223525524139404e-01
2.123191356658935547e-01
8.617398738861083984e-01
1.257651597261428833e-01
1.297975629568099976e-01
1.554458290338516235e-01
9.597741961479187012e-01
4.537034928798675537e-01
8.514165878295898438e-02
2.829899489879608154e-01
8.332508802413940430e-01
3.935752809047698975e-02
8.931651711463928223e-01
1.516148447990417480e-02
2.124899029731750488e-01
5.966306328773498535e-01
7.177925705909729004e-01
6.072376966476440430e-01
3.089033067226409912e-01
5.501877069473266602e-01
3.977336362004280090e-02
1.521910876035690308e-01
7.421109080314636230e-01
5.992091894149780273e-01
7.567983865737915039e-01
9.243023395538330078e-02
9.082775563001632690e-03
4.107764363288879395e-01
1.002297624945640564e-01
4.263811111450195312e-01
1.065556257963180542e-01
2.265055105090141296e-02
8.357355743646621704e-02
6.820430159568786621e-01
5.903378129005432129e-01
7.864034175872802734e-02
8.294866681098937988e-01
7.117260247468948364e-02
8.473925590515136719e-01
7.133365869522094727e-01
8.968756794929504395e-01
4.784535616636276245e-02
4.009914770722389221e-02
7.294564247131347656e-01
2.389587759971618652e-01
2.547433972358703613e-01
5.023977160453796387e-01
1.125333271920681000e-02
2.729863226413726807e-01
4.339820444583892822e-01
2.647281289100646973e-01
4.829893112182617188e-01
7.035914063453674316e-02
2.477406710386276245e-01
2.963981628417968750e-01
3.350643813610076904e-02
3.035534322261810303e-01
9.596868753433227539e-01
3.310412913560867310e-02
8.408271074295043945e-01
2.939928323030471802e-02
8.474105000495910645e-01
3.038904368877410889e-01
3.244581446051597595e-02
1.965957581996917725e-01
2.510776519775390625e-01
7.275116443634033203e-01
5.341334640979766846e-02
5.400459170341491699e-01
5.273216366767883301e-01
9.819846600294113159e-02
8.438644409179687500e-01
6.310490369796752930e-01
4.826380610466003418e-01
8.372648954391479492e-01
6.486318111419677734e-01
9.632311016321182251e-02
5.678767710924148560e-02
7.836197018623352051e-01
2.350384928286075592e-02
3.140067160129547119e-01
1.980141736567020416e-02
8.326946496963500977e-01
1.968921869993209839e-01
6.581847071647644043e-01
6.351283788681030273e-01
8.673409819602966309e-01
7.354084402322769165e-02
8.647730350494384766e-01
1.683926023542881012e-02
9.329947233200073242e-01
3.617193922400474548e-02
3.217060267925262451e-01
1.319751590490341187e-01
8.752824068069458008e-01
7.800138592720031738e-01
2.028555423021316528e-01
4.453142285346984863e-01
7.603637576103210449e-01
8.128914237022399902e-01
7.564082145690917969e-01
6.464539766311645508e-01
6.420544534921646118e-02
1.795791089534759521e-01
8.264793753623962402e-01
1.047640442848205566e-01
9.825833439826965332e-01
1.399201750755310059e-01
6.015321612358093262e-02
9.026021361351013184e-01
2.363852262496948242e-01
7.344864010810852051e-01
4.001826792955398560e-02
6.947916746139526367e-01
7.629826068878173828e-01
7.034325003623962402e-01
2.320524305105209351e-01
8.181896209716796875e-01
4.250739142298698425e-02
5.795659124851226807e-02
2.872962653636932373e-01
6.335968971252441406e-01
7.933852076530456543e-01
8.061575889587402344e-02
5.370493531227111816e-01
6.677349209785461426e-01
1.922147870063781738e-01
9.462099671363830566e-01
9.269273281097412109e-01
6.144698262214660645e-01
4.606990814208984375e-01
2.798484563827514648e-01
2.303632535040378571e-02
3.352932259440422058e-02
9.527031183242797852e-01
9.138877987861633301e-01
4.323848336935043335e-02
4.455195665359497070e-01
3.368985056877136230e-01
8.983331918716430664e-01
9.364075660705566406e-01
2.627359926700592041e-01
6.547302007675170898e-01
4.673117697238922119e-01
6.921207308769226074e-01
4.192012846469879150e-01
9.103997945785522461e-01
9.031978845596313477e-01
1.365161985158920288e-01
9.839357435703277588e-02
2.203236147761344910e-02
2.347846142947673798e-02
9.352646470069885254e-01
9.320817589759826660e-01
6.376050710678100586e-01
8.197928071022033691e-01
7.445349097251892090e-01
9.003379940986633301e-01
8.492249250411987305e-01
6.314861178398132324e-01
5.129479765892028809e-01
3.002549894154071808e-02
3.241336047649383545e-01
9.467082619667053223e-01
8.929609060287475586e-01
5.919874310493469238e-01
8.575536608695983887e-01
5.052756071090698242e-01
6.670719981193542480e-01
7.786512970924377441e-01
9.434469789266586304e-02
9.330082535743713379e-01
4.279260337352752686e-02
8.129504919052124023e-01
4.828099161386489868e-02
7.138948440551757812e-01
6.544547677040100098e-01
1.933998055756092072e-02
3.501077592372894287e-01
5.834020972251892090e-01
3.234282732009887695e-01
1.658954620361328125e-01
4.642478525638580322e-01
2.528061568737030029e-01
1.083992272615432739e-01
4.747833311557769775e-01
1.461927145719528198e-01
4.680819064378738403e-02
9.016995131969451904e-02
8.797623515129089355e-01
5.079314112663269043e-01
2.233385294675827026e-01
6.842592954635620117e-01
5.790642499923706055e-01
7.283358573913574219e-01
3.007136099040508270e-02
6.121585369110107422e-01
2.623250484466552734e-01
6.882071495056152344e-02
2.565961778163909912e-01
6.293064355850219727e-01
3.646931946277618408e-01
7.375882863998413086e-01
6.915409117937088013e-02
8.605377376079559326e-02
1.685698516666889191e-02
6.052849888801574707e-01
2.246969342231750488e-01
1.277173459529876709e-01
3.180313110351562500e-02
1.034571751952171326e-01
7.321388274431228638e-02
9.654783606529235840e-01
8.810018897056579590e-01
7.938184142112731934e-01
3.542846441268920898e-01
1.091378778219223022e-01
2.479537427425384521e-01
1.479047536849975586e-01
1.388631463050842285e-01
5.126257240772247314e-02
8.656616806983947754e-01
8.633948117494583130e-02
9.419447928667068481e-02
3.727052807807922363e-01
5.229634642601013184e-01
2.896358072757720947e-01
4.505592286586761475e-01
9.058558344841003418e-01
2.403917312622070312e-01
3.447170928120613098e-02
2.493927180767059326e-01
5.079303383827209473e-01
1.666464842855930328e-02
7.267763018608093262e-01
8.818975687026977539e-01
5.490677356719970703e-01
9.412750601768493652e-01
1.401904225349426270e-01
4.328773021697998047e-01
7.654579728841781616e-02
8.692563176155090332e-01
7.999091148376464844e-01
2.629569470882415771e-01
2.772533297538757324e-01
7.298154234886169434e-01
1.800818145275115967e-01
3.795445710420608521e-02
5.533446073532104492e-01
9.499299526214599609e-01
4.735476151108741760e-02
5.909593105316162109e-01
7.932184934616088867e-01
1.717112399637699127e-02
2.649345695972442627e-01
6.738776713609695435e-02
1.917508840560913086e-01
7.623161375522613525e-02
7.695400118827819824e-01
3.980815410614013672e-01
3.185044229030609131e-01
5.429074540734291077e-02
9.604719877243041992e-01
9.387780427932739258e-01
3.601839840412139893e-01
1.575656086206436157e-01
1.315318793058395386e-01
9.101094007492065430e-01
6.086454913020133972e-02
3.030787706375122070e-01
3.276729211211204529e-02
1.770260781049728394e-01
8.676500916481018066e-01
8.480360507965087891e-01
2.770674228668212891e-01
6.222584471106529236e-02
1.788336969912052155e-02
6.181948184967041016e-01
1.345948409289121628e-02
8.853529691696166992e-01
6.998190283775329590e-01
5.965188145637512207e-01
4.727360010147094727e-01
9.295079112052917480e-02
4.117236658930778503e-02
2.909971773624420166e-01
9.227314591407775879e-01
1.128835603594779968e-02
2.856994047760963440e-02
3.168142139911651611e-01
1.762069314718246460e-01
8.057411313056945801e-01
2.387978881597518921e-01
8.359078168869018555e-01
8.290921151638031006e-02
8.699965476989746094e-01
2.956442236900329590e-01
9.508519619703292847e-02
5.699973180890083313e-02
8.087522387504577637e-01
3.177779912948608398e-01
6.179236620664596558e-02
9.183424115180969238e-01
8.999160528182983398e-01
9.196459650993347168e-01
4.545458257198333740e-01
8.313491344451904297e-01
5.120892450213432312e-02
3.371509015560150146e-01
1.012538745999336243e-01
7.399576157331466675e-02
6.235390305519104004e-01
3.928795754909515381e-01
9.758878499269485474e-03
6.510483622550964355e-01
1.871459931135177612e-01
8.677274584770202637e-01
8.192102611064910889e-02
6.234986186027526855e-01
5.548484250903129578e-02
1.608927845954895020e-01
5.541529059410095215e-01
6.121345758438110352e-01
5.654213428497314453e-01
3.033847920596599579e-02
3.937061876058578491e-02
4.761990010738372803e-01
1.833978667855262756e-02
9.645003080368041992e-02
4.044364988803863525e-01
7.289214730262756348e-01
4.519095718860626221e-01
3.634183853864669800e-02
7.267974019050598145e-01
2.443721145391464233e-02
5.151468515396118164e-01
3.139820396900177002e-01
8.446640968322753906e-01
4.423192441463470459e-01
1.822422891855239868e-01
8.318544030189514160e-01
1.228246614336967468e-01
4.854140877723693848e-01
1.264650672674179077e-01
8.413160443305969238e-01
5.325492620468139648e-01
2.081874012947082520e-01
1.138641536235809326e-01
4.189952611923217773e-01
1.094908863306045532e-01
4.762543737888336182e-02
8.229362219572067261e-02
2.725680358707904816e-02
6.472736001014709473e-01
4.502858817577362061e-01
5.142309069633483887e-01
8.089159131050109863e-01
2.697218358516693115e-01
8.456685543060302734e-01
1.500344872474670410e-01
9.721645712852478027e-02
3.009119927883148193e-01
6.452778577804565430e-01
4.855899214744567871e-01
9.633412957191467285e-01
1.559860110282897949e-01
6.433477997779846191e-01
7.496727108955383301e-01
4.687544330954551697e-02
1.950351148843765259e-02
8.667585253715515137e-01
6.465317606925964355e-01
2.733981311321258545e-01
9.148077964782714844e-01
8.101302981376647949e-01
3.165958523750305176e-01
3.061496280133724213e-02
5.430407524108886719e-01
1.924255490303039551e-02
8.189027756452560425e-02
5.722808241844177246e-01
8.618699759244918823e-02
1.459103822708129883e-01
9.662120789289474487e-02
1.037354022264480591e-02
8.903011679649353027e-01
4.887844622135162354e-02
6.600610613822937012e-01
5.809012651443481445e-01
9.031886458396911621e-01
6.528014540672302246e-01
9.422009587287902832e-01
1.631887257099151611e-01
4.759061932563781738e-01
8.332310914993286133e-01
7.348285317420959473e-01
5.073047876358032227e-01
6.153482794761657715e-01
1.688792109489440918e-01
5.329073071479797363e-01
1.454320996999740601e-01
1.889212429523468018e-01
8.905379772186279297e-01
1.969185844063758850e-02
1.188098713755607605e-01
9.608723521232604980e-01
1.183257102966308594e-01
3.889699876308441162e-01
5.474711954593658447e-02
6.867430359125137329e-02
3.746596723794937134e-02
4.730265140533447266e-01
8.490527868270874023e-01
6.466779112815856934e-01
5.829638242721557617e-01
8.281292319297790527e-01
1.605041474103927612e-01
7.423849701881408691e-01
1.661435812711715698e-01
7.091524004936218262e-01
8.309265375137329102e-01
2.630372047424316406e-01
6.806151866912841797e-01
3.337629139423370361e-01
3.118307702243328094e-02
8.199838995933532715e-01
8.852181434631347656e-01
6.279264688491821289e-01
5.266320705413818359e-02
6.886726617813110352e-02
4.464415311813354492e-01
1.833084411919116974e-02
4.011034592986106873e-02
3.880509734153747559e-01
7.119160890579223633e-02
6.284069269895553589e-02
8.100771903991699219e-01
4.940265789628028870e-02
8.765579015016555786e-02
3.955591917037963867e-01
5.946015119552612305e-01
7.842641472816467285e-01
2.545838057994842529e-01
2.672158181667327881e-01
3.233293890953063965e-01
6.890297681093215942e-02
1.344795897603034973e-02
8.117269277572631836e-01
9.047659039497375488e-01
4.752909019589424133e-02
9.121216535568237305e-01
9.614352136850357056e-02
5.059158802032470703e-01
6.471307277679443359e-01
6.675543785095214844e-01
1.185045689344406128e-01
9.670430794358253479e-03
9.664621353149414062e-01
2.702773213386535645e-01
2.164865583181381226e-01
8.588846921920776367e-01
7.756678462028503418e-01
1.459859460592269897e-01
1.537565439939498901e-01
6.466082483530044556e-02
4.920980706810951233e-02
7.765711545944213867e-01
3.540508747100830078e-01
1.744132488965988159e-01
7.887427210807800293e-01
1.627052873373031616e-01
2.213229984045028687e-01
3.570152446627616882e-02
4.990671873092651367e-01
1.381599307060241699e-01
5.862152576446533203e-01
8.481700420379638672e-01
5.282316207885742188e-01
6.620801091194152832e-01
3.028989434242248535e-01
2.440204657614231110e-02
2.353893406689167023e-02
8.309118151664733887e-01
2.668156623840332031e-01
9.144844114780426025e-02
8.477538228034973145e-01
2.307450771331787109e-01
2.911164611577987671e-02
8.646883368492126465e-01
6.359862685203552246e-01
1.484536379575729370e-01
7.048430442810058594e-01
9.249608516693115234e-01
8.248574733734130859e-01
5.940619483590126038e-02
2.939687967300415039e-01
4.650905430316925049e-01
5.623237416148185730e-02
5.306913331151008606e-02
2.786648459732532501e-02
8.630207926034927368e-02
5.425626039505004883e-02
3.637650907039642334e-01
9.087395071983337402e-01
7.256391048431396484e-01
5.790597572922706604e-02
1.133096590638160706e-01
7.691129446029663086e-01
7.511661648750305176e-01
8.757146000862121582e-01
8.803022652864456177e-02
2.711354792118072510e-01
3.187333047389984131e-01
1.797935217618942261e-01
3.903865516185760498e-01
9.681399464607238770e-01
7.713626623153686523e-01
1.061111837625503540e-01
2.491350471973419189e-01
6.368615627288818359e-01
9.100874662399291992e-01
1.147029101848602295e-01
7.880017161369323730e-01
2.669232189655303955e-01
3.987326472997665405e-02
6.159921884536743164e-01
9.553440809249877930e-01
1.066589877009391785e-01
5.661078095436096191e-01
9.810061454772949219e-01
2.627119608223438263e-02
8.238919973373413086e-01
2.813464403152465820e-02
1.626278460025787354e-02
8.457971215248107910e-01
7.867075800895690918e-01
4.983863234519958496e-02
3.738961517810821533e-01
4.079128429293632507e-02
6.100169420242309570e-01
8.406131863594055176e-01
8.406228572130203247e-02
2.416085302829742432e-01
3.351080715656280518e-01
8.325775265693664551e-01
7.867562174797058105e-01
8.893308043479919434e-02
8.305177688598632812e-01
8.515331894159317017e-02
1.190514340996742249e-01
1.378274261951446533e-01
2.136247307062149048e-01
6.218219920992851257e-02
4.886201918125152588e-01
9.113118648529052734e-01
2.502200007438659668e-01
5.174738168716430664e-01
9.496287107467651367e-01
3.634676039218902588e-01
4.800139367580413818e-02
5.453048944473266602e-01
2.270067781209945679e-01
8.102704584598541260e-02
8.922656774520874023e-01
1.044005453586578369e-01
1.014492660760879517e-01
1.413609385490417480e-01
4.551188647747039795e-02
1.486699283123016357e-01
6.863804459571838379e-01
8.449301123619079590e-01
6.920731663703918457e-01
1.265133917331695557e-01
2.311830073595046997e-01
8.090154826641082764e-02
8.013312816619873047e-01
7.131173014640808105e-01
8.154054284095764160e-01
2.221423834562301636e-01
1.494062840938568115e-01
4.082521796226501465e-02
5.413263440132141113e-01
9.266350418329238892e-02
2.586393356323242188e-01
5.438494682312011719e-02
9.037448763847351074e-01
5.130841135978698730e-01
9.680540859699249268e-02
3.432319685816764832e-02
3.867442905902862549e-02
5.804967135190963745e-02
5.994230508804321289e-02
8.133228123188018799e-02
2.097543776035308838e-01
2.676704227924346924e-01
5.322815775871276855e-01
5.266600847244262695e-01
3.106105327606201172e-01
3.593819215893745422e-02
1.736575178802013397e-02
8.845908045768737793e-01
2.350101992487907410e-02
8.564743995666503906e-01
6.936187744140625000e-01
1.765620261430740356e-01
5.061789751052856445e-01
2.201559022068977356e-02
5.624787509441375732e-02
3.718522489070892334e-01
1.677210628986358643e-01
8.642309308052062988e-01
3.349783122539520264e-01
4.285607933998107910e-01
6.548693776130676270e-01
6.203622817993164062e-01
1.193578466773033142e-01
2.244489043951034546e-01
1.660533696413040161e-01
9.519905596971511841e-02
5.991399884223937988e-01
8.297002911567687988e-01
9.801423549652099609e-02
1.811805553734302521e-02
9.105817079544067383e-01
4.083607792854309082e-01
8.535785079002380371e-01
1.503602415323257446e-01
4.899301826953887939e-01
2.786107920110225677e-02
6.310020387172698975e-02
6.964865922927856445e-01
6.839024424552917480e-01
8.897158503532409668e-01
2.360349707305431366e-02
1.453587859869003296e-01
1.707378216087818146e-02
7.865234613418579102e-01
5.418017879128456116e-02
9.305341839790344238e-01
1.582901179790496826e-01
4.495469108223915100e-02
2.718052864074707031e-01
1.995601654052734375e-01
1.478272527456283569e-01
3.531263768672943115e-01
2.521673776209354401e-02
6.907490491867065430e-01
6.615246832370758057e-02
9.681876897811889648e-01
5.808647722005844116e-03
2.770351767539978027e-01
8.368281126022338867e-01
6.163053512573242188e-01
8.705748319625854492e-01
3.403654396533966064e-01
5.307728052139282227e-02
9.176915884017944336e-01
5.263630151748657227e-01
5.126671120524406433e-02
4.058213829994201660e-01
1.429765224456787109e-01
6.020820140838623047e-01
2.821178920567035675e-02
1.493061333894729614e-01
8.527643084526062012e-01
8.032247424125671387e-01
5.646293610334396362e-02
7.021541893482208252e-02
5.837752297520637512e-02
1.304527074098587036e-01
3.339147865772247314e-01
1.413944810628890991e-01
6.439296901226043701e-02
4.742376133799552917e-02
8.760920763015747070e-01
4.176823198795318604e-01
3.150815367698669434e-01
8.965269327163696289e-01
6.340188980102539062e-01
8.862369656562805176e-01
8.826638460159301758e-01
7.709368467330932617e-01
8.112919926643371582e-01
5.975946187973022461e-01
9.717733860015869141e-01
8.265284895896911621e-01
3.923880308866500854e-02
3.085202723741531372e-02
1.706192195415496826e-01
5.340068340301513672e-01
8.865045905113220215e-01
3.187127783894538879e-02
2.581169903278350830e-01
6.823669373989105225e-02
2.597261667251586914e-01
3.652929663658142090e-01
3.374122455716133118e-02
2.105555683374404907e-02
8.034548163414001465e-01
8.489320427179336548e-02
4.775663018226623535e-01
4.373536258935928345e-02
9.488579034805297852e-01
8.693310618400573730e-01
3.930072188377380371e-01
2.780267298221588135e-01
8.208197355270385742e-01
5.837076306343078613e-01
7.515655159950256348e-01
2.647314779460430145e-02
2.938227355480194092e-01
1.006191819906234741e-01
8.157262951135635376e-02
5.859652161598205566e-01
9.004801511764526367e-01
5.073979496955871582e-01
5.450807809829711914e-01
1.995129883289337158e-01
5.254489928483963013e-02
3.521351814270019531e-01
1.563259661197662354e-01
8.647503256797790527e-01
1.497242450714111328e-01
1.109111867845058441e-02
3.764041066169738770e-01
7.555043697357177734e-01
4.705767631530761719e-01
7.681545615196228027e-02
4.943222999572753906e-01
2.122694849967956543e-01
3.643623888492584229e-01
8.035318553447723389e-02
1.930197328329086304e-01
9.177572131156921387e-01
6.684823632240295410e-01
1.226010397076606750e-01
4.014698565006256104e-01
1.171232089400291443e-01
8.020235300064086914e-01
4.036437571048736572e-01
7.768470048904418945e-01
1.686940789222717285e-01
9.457110762596130371e-01
3.815437108278274536e-02
4.433138668537139893e-01
4.179756343364715576e-01
8.046019077301025391e-01
4.730364680290222168e-01
2.010494768619537354e-01
1.071337088942527771e-01
3.271427750587463379e-02
8.027678132057189941e-01
1.577109545469284058e-01
5.215345025062561035e-01
4.659790694713592529e-01
2.856479212641716003e-02
1.697359420359134674e-02
2.140762805938720703e-01
2.293260768055915833e-02
7.538301497697830200e-02
1.346565932035446167e-01
7.889106869697570801e-02
1.406754106283187866e-01
4.715313017368316650e-01
7.181842327117919922e-01
1.530942320823669434e-01
1.436184346675872803e-01
9.242298007011413574e-01
3.091741539537906647e-02
1.539033651351928711e-02
9.177117049694061279e-02
7.273527979850769043e-02
4.297344982624053955e-01
9.451474547386169434e-01
1.145535185933113098e-01
8.120500296354293823e-02
9.198530912399291992e-01
7.275924086570739746e-02
3.645576536655426025e-02
5.239359736442565918e-01
5.472195744514465332e-01
6.135185360908508301e-01
4.471755027770996094e-02
7.151103019714355469e-01
2.605801224708557129e-01
7.512795329093933105e-01
1.718091964721679688e-02
6.742078065872192383e-01
8.631193041801452637e-01
4.391255229711532593e-02
1.107926517724990845e-01
3.115921467542648315e-02
6.109979152679443359e-01
9.139645844697952271e-02
4.684065282344818115e-01
2.164964005351066589e-02
9.230878204107284546e-02
2.482732757925987244e-02
9.684318900108337402e-01
5.740430355072021484e-01
8.210732340812683105e-01
1.910032182931900024e-01
9.628614783287048340e-01
4.481592476367950439e-01
8.587735891342163086e-01
3.610365688800811768e-01
9.369870424270629883e-01
4.198350310325622559e-01
3.932996392250061035e-01
2.670692838728427887e-02
8.989775180816650391e-01
4.617817103862762451e-01
4.325628876686096191e-01
8.625110983848571777e-01
9.131495952606201172e-01
4.854686558246612549e-02
2.979205548763275146e-01
8.885871767997741699e-01
9.598289132118225098e-01
2.432958036661148071e-01
3.631437718868255615e-01
2.824695110321044922e-01
1.490840911865234375e-01
9.513499140739440918e-01
8.274928927421569824e-01
5.827124714851379395e-01
1.514292694628238678e-02
5.984306931495666504e-01
6.697202920913696289e-01
1.883109807968139648e-01
4.890798628330230713e-01
8.557031750679016113e-01
6.397660374641418457e-01
8.678652048110961914e-01
2.600656077265739441e-02
7.293356657028198242e-01
1.217011362314224243e-01
7.864509820938110352e-01
8.714273571968078613e-01
2.752100229263305664e-01
5.852872505784034729e-02
4.206892549991607666e-01
9.631956368684768677e-02
6.293045878410339355e-01
2.638542950153350830e-01
1.157262176275253296e-01
8.176431059837341309e-01
6.648228168487548828e-01
1.575725227594375610e-01
2.053093910217285156e-01
9.318928718566894531e-01
8.615720272064208984e-02
7.761882543563842773e-01
1.957632042467594147e-02
4.320908188819885254e-01
1.840450614690780640e-01
3.027123510837554932e-01
5.389160662889480591e-02
8.406460881233215332e-01
9.785483479499816895e-01
1.014419421553611755e-01
4.724082350730895996e-01
9.081548452377319336e-01
2.917578630149364471e-02
2.003902196884155273e-01
2.147986926138401031e-02
7.845740765333175659e-02
4.294513165950775146e-01
9.104809910058975220e-02
8.546408414840698242e-01
6.700658798217773438e-02
4.049703478813171387e-01
1.397178880870342255e-02
1.107544451951980591e-02
2.939136922359466553e-01
3.711805045604705811e-01
9.385938644409179688e-01
9.224045872688293457e-01
9.532716274261474609e-01
9.095188379287719727e-01
3.737894892692565918e-01
1.090086400508880615e-01
5.809574723243713379e-01
8.306160569190979004e-01
3.579141199588775635e-01
3.501215204596519470e-02
2.461297065019607544e-01
9.503271579742431641e-01
8.877538144588470459e-02
8.151195049285888672e-01
4.803587496280670166e-01
9.526147842407226562e-01
8.065505027770996094e-01
2.667060308158397675e-02
3.419849649071693420e-02
4.312936216592788696e-02
1.888715624809265137e-01
3.767427802085876465e-01
7.087595015764236450e-02
1.407778412103652954e-01
1.087669376283884048e-02
3.210171759128570557e-01
2.459120377898216248e-02
7.613739371299743652e-02
9.393797516822814941e-01
9.207227826118469238e-02
6.297419071197509766e-01
3.212390244007110596e-01
4.607698693871498108e-02
4.668091610074043274e-02
2.028904855251312256e-01
4.818240404129028320e-01
6.091147288680076599e-02
9.224014282226562500e-01
5.746974349021911621e-01
4.194894433021545410e-02
2.726358175277709961e-02
8.313300013542175293e-01
7.572447657585144043e-01
6.954908370971679688e-01
9.136630296707153320e-01
5.467738956212997437e-02
2.337540984153747559e-01
9.553709030151367188e-01
8.852861076593399048e-02
6.368015408515930176e-01
1.458219885826110840e-01
7.208377718925476074e-01
9.328705072402954102e-01
3.666090220212936401e-02
5.006008148193359375e-01
2.385924383997917175e-02
3.096256852149963379e-01
4.919059202075004578e-02
4.932819008827209473e-01
8.232383131980895996e-01
8.021231889724731445e-01
7.298905253410339355e-01
7.449758052825927734e-01
4.250454604625701904e-01
8.718911409378051758e-01
4.232539832592010498e-01
1.938423365354537964e-01
6.184239983558654785e-01
9.498810172080993652e-01
9.570106863975524902e-01
8.154874444007873535e-01
1.169245876371860504e-02
7.184263467788696289e-01
1.165082976222038269e-01
2.296240031719207764e-01
5.897012948989868164e-01
6.650839745998382568e-02
3.380633145570755005e-02
1.354818604886531830e-02
2.846829406917095184e-02
6.005803942680358887e-01
5.543705224990844727e-01
2.125164121389389038e-02
7.060928940773010254e-01
7.302557677030563354e-02
6.028135120868682861e-02
9.138766527175903320e-01
7.641862034797668457e-01
3.079672157764434814e-01
4.350589215755462646e-02
4.455409348011016846e-01
8.832893967628479004e-01
8.034459352493286133e-01
9.008290171623229980e-01
3.271811306476593018e-01
2.443554550409317017e-01
2.155095338821411133e-01
1.580189727246761322e-02
7.813975214958190918e-01
8.445379137992858887e-02
3.854364454746246338e-01
5.412924289703369141e-01
4.297060668468475342e-01
1.314497441053390503e-01
5.298575162887573242e-01
2.131576836109161377e-02
1.172229722142219543e-01
5.663120150566101074e-01
9.370806217193603516e-01
1.616585105657577515e-01
3.477351963520050049e-01
1.364246606826782227e-01
1.497567594051361084e-01
9.977374225854873657e-02
1.665656119585037231e-01
6.861998885869979858e-02
5.531456470489501953e-01
6.964327394962310791e-02
2.064197659492492676e-01
1.247938275337219238e-01
9.049628674983978271e-02
4.349571764469146729e-01
2.479241341352462769e-01
6.029711663722991943e-02
9.594063162803649902e-01
3.056905418634414673e-02
1.424544006586074829e-01
3.882532715797424316e-01
8.919289112091064453e-01
6.586955785751342773e-01
5.313215255737304688e-01
2.906100153923034668e-01
4.987716376781463623e-01
9.381525516510009766e-01
1.528469920158386230e-01
8.580404520034790039e-01
3.668710887432098389e-01
1.029457300901412964e-01
3.611636161804199219e-01
8.446613550186157227e-01
8.398741483688354492e-01
9.128040671348571777e-01
5.577696487307548523e-02
5.704104900360107422e-02
3.527544438838958740e-02
6.206186115741729736e-02
8.392398059368133545e-02
4.624654352664947510e-02
6.458702683448791504e-01
7.826761007308959961e-01
6.927871704101562500e-01
2.603734284639358521e-02
3.289824128150939941e-01
1.601162701845169067e-01
1.253602802753448486e-01
9.106267094612121582e-01
1.969566009938716888e-02
6.552286148071289062e-01
3.116923570632934570e-01
2.453130856156349182e-02
5.647686719894409180e-01
9.471487402915954590e-01
3.454342186450958252e-01
5.301909521222114563e-02
3.554574772715568542e-02
1.048016399145126343e-01
2.114627361297607422e-01
4.949142411351203918e-02
3.264011442661285400e-01
8.158223032951354980e-01
2.269809991121292114e-01
1.519563049077987671e-01
3.838445991277694702e-02
2.505385875701904297e-01
2.944356389343738556e-02
2.730925381183624268e-01
1.282214224338531494e-01
3.586168289184570312e-01
8.516699075698852539e-01
9.716249108314514160e-01
5.209119990468025208e-02
5.923411846160888672e-01
6.504902243614196777e-01
7.381296157836914062e-01
6.480138301849365234e-01
3.535738587379455566e-01
7.118373513221740723e-01
5.431812405586242676e-01
2.016460150480270386e-01
4.851805567741394043e-01
7.264605760574340820e-01
7.418146133422851562e-01
8.294827938079833984e-01
1.058258786797523499e-01
4.708445072174072266e-01
3.338490799069404602e-02
1.293509751558303833e-01
1.879660487174987793e-01
9.501057863235473633e-01
6.188098788261413574e-01
2.610495686531066895e-01
3.881590664386749268e-01
3.071698248386383057e-01
8.294261246919631958e-02
7.904676795005798340e-01
2.475165724754333496e-01
1.684335023164749146e-01
1.356545370072126389e-02
1.747160553932189941e-01
1.054596528410911560e-02
8.898949623107910156e-01
3.367497920989990234e-01
9.284357428550720215e-01
3.796515464782714844e-01
7.730472832918167114e-02
5.507573485374450684e-02
4.522043168544769287e-01
8.930993080139160156e-01
4.170834720134735107e-01
7.003421783447265625e-01
2.369669526815414429e-01
7.496974617242813110e-02
1.777044124901294708e-02
5.098993331193923950e-02
6.488908827304840088e-02
5.395564436912536621e-02
3.273598849773406982e-01
5.357613563537597656e-01
5.325721502304077148e-01
5.077439546585083008e-01
9.316839575767517090e-01
3.582853376865386963e-01
2.691845409572124481e-02
9.474748969078063965e-01
4.058727622032165527e-01
9.233703613281250000e-01
9.660058021545410156e-01
4.131764173507690430e-01
3.411827683448791504e-01
8.955910205841064453e-01
2.047416269779205322e-01
5.911415815353393555e-02
5.201097726821899414e-01
4.086912870407104492e-01
1.924651712179183960e-01
1.001160144805908203e-01
3.067770972847938538e-02
2.572737634181976318e-02
1.599765270948410034e-01
5.468300580978393555e-01
8.496443033218383789e-01
6.871610283851623535e-01
7.856138348579406738e-01
1.773246191442012787e-02
9.251654893159866333e-02
2.036511898040771484e-02
9.118220806121826172e-01
7.616533339023590088e-02
9.732231497764587402e-01
9.865265488624572754e-01
1.334013938903808594e-01
1.007039397954940796e-01
8.907873630523681641e-01
5.044348835945129395e-01
2.167997136712074280e-02
5.415669083595275879e-02
3.782872110605239868e-02
9.091383218765258789e-01
6.509335041046142578e-01
5.910463929176330566e-01
8.643246889114379883e-01
5.827645659446716309e-01
4.825641512870788574e-01
3.626542091369628906e-01
4.587951004505157471e-01
9.742588549852371216e-02
3.420564234256744385e-01
9.477782845497131348e-01
3.416528403759002686e-01
1.004854440689086914e-01
8.363927602767944336e-01
1.539766192436218262e-01
3.720317780971527100e-02
7.652986645698547363e-01
3.373210728168487549e-01
4.737358540296554565e-02
3.784470558166503906e-01
4.842285215854644775e-01
1.906990408897399902e-01
8.524864912033081055e-02
1.551616042852401733e-01
4.569705575704574585e-02
2.512519061565399170e-01
2.829060852527618408e-01
2.098937332630157471e-02
9.718333929777145386e-02
1.741486042737960815e-02
5.141333863139152527e-02
4.663486033678054810e-02
9.168624281883239746e-01
6.932665109634399414e-01
9.814614057540893555e-02
8.748061060905456543e-01
5.126352310180664062e-01
2.488958686590194702e-01
8.442908525466918945e-01
2.748128473758697510e-01
3.160544112324714661e-02
9.769505262374877930e-02
3.863969445228576660e-01
8.095747232437133789e-01
9.593133926391601562e-01
2.345665544271469116e-02
3.576019704341888428e-01
4.493791759014129639e-01
1.758661419153213501e-01
8.474382162094116211e-01
2.801278419792652130e-02
1.538358777761459351e-01
9.606436491012573242e-01
3.217162489891052246e-01
9.677704572677612305e-01
7.068833112716674805e-01
6.532732844352722168e-01
8.961250782012939453e-01
7.617978453636169434e-01
5.253603458404541016e-01
1.034277230501174927e-01
3.716722726821899414e-01
3.218324780464172363e-01
1.578409075736999512e-01
7.618542909622192383e-01
5.151510834693908691e-01
8.101394027471542358e-02
7.923650741577148438e-01
3.914196491241455078e-01
8.295662403106689453e-01
9.282383322715759277e-01
2.457690611481666565e-02
3.283962607383728027e-01
3.550830483436584473e-01
5.682345852255821228e-02
4.897151291370391846e-01
3.819416761398315430e-01
4.987506568431854248e-02
3.165431320667266846e-01
9.416098147630691528e-02
2.046889439225196838e-02
7.845692038536071777e-01
8.862590789794921875e-01
4.775785505771636963e-01
4.646317288279533386e-02
8.692214637994766235e-02
9.977680444717407227e-02
9.647470116615295410e-01
4.433493316173553467e-01
4.631131514906883240e-02
7.131584733724594116e-02
9.120181798934936523e-01
9.488967657089233398e-01
1.908651366829872131e-02
2.792602777481079102e-01
6.930314898490905762e-01
3.955543413758277893e-02
7.899592071771621704e-02
9.625629782676696777e-01
7.094040513038635254e-01
2.088692337274551392e-01
9.156360626220703125e-01
1.150817647576332092e-01
4.174724221229553223e-02
5.044487714767456055e-01
6.183557212352752686e-02
6.994543671607971191e-01
7.143915891647338867e-01
3.273516893386840820e-02
5.678417086601257324e-01
4.995106458663940430e-01
5.686935037374496460e-02
1.159602031111717224e-01
9.022431969642639160e-01
8.825227022171020508e-01
9.161375761032104492e-01
1.649126112461090088e-01
2.048973180353641510e-02
2.337031438946723938e-02
6.440771222114562988e-01
8.022591471672058105e-02
3.830999881029129028e-02
6.934087872505187988e-01
7.697290778160095215e-01
1.952883154153823853e-01
7.175803929567337036e-02
7.706683874130249023e-02
6.651245355606079102e-01
2.827051281929016113e-01
8.645315170288085938e-01
1.031851992011070251e-01
7.160933017730712891e-01
4.903882443904876709e-01
9.898719191551208496e-02
3.391136974096298218e-02
4.473693668842315674e-02
8.732639998197555542e-02
8.526539802551269531e-01
4.978546798229217529e-01
1.623871177434921265e-01
7.023146748542785645e-02
5.321496352553367615e-02
7.707616090774536133e-01
5.345947295427322388e-02
5.416138097643852234e-02
3.081404566764831543e-01
1.647504977881908417e-02
1.775608658790588379e-01
3.147908151149749756e-01
4.765910282731056213e-02
2.785544991493225098e-01
2.618858404457569122e-02
4.585948213934898376e-02
8.279082179069519043e-01
7.890776395797729492e-01
3.019173741340637207e-01
1.803708821535110474e-01
5.665622949600219727e-01
2.888708114624023438e-01
3.539157509803771973e-01
5.729964971542358398e-01
1.075612083077430725e-01
5.647650361061096191e-01
2.479065954685211182e-02
3.735645413398742676e-01
4.971213042736053467e-01
3.136454895138740540e-02
8.063982129096984863e-01
4.513338208198547363e-02
4.728177189826965332e-01
1.977524161338806152e-01
5.354889035224914551e-01
5.463281869888305664e-01
7.887130975723266602e-01
1.314332932233810425e-01
8.334950804710388184e-01
1.405346989631652832e-01
8.989757299423217773e-01
2.718121930956840515e-02
6.915863752365112305e-01
4.769486486911773682e-01
2.592135965824127197e-01
2.268593758344650269e-01
8.607574105262756348e-01
9.655712842941284180e-01
9.263954162597656250e-01
2.693613171577453613e-01
2.133962512016296387e-02
8.979711681604385376e-02
9.371782541275024414e-01
8.848573565483093262e-01
6.531486660242080688e-02
4.139079451560974121e-01
9.598721265792846680e-01
2.262978702783584595e-01
7.918049581348896027e-03
1.058362573385238647e-01
2.320165187120437622e-02
9.667180776596069336e-01
2.116701602935791016e-01
8.424405455589294434e-01
2.195761725306510925e-02
9.064239263534545898e-02
5.916090607643127441e-01
5.361061170697212219e-02
4.968205690383911133e-01
5.820857882499694824e-01
3.697741776704788208e-02
6.714914441108703613e-01
8.303333520889282227e-01
1.149002984166145325e-01
2.157467603683471680e-02
9.256732463836669922e-01
6.166571378707885742e-01
3.901930898427963257e-02
9.870204329490661621e-02
6.686695814132690430e-01
2.599228024482727051e-01
9.619617462158203125e-01
8.997200727462768555e-01
1.521763950586318970e-01
5.482845306396484375e-01
5.674107670783996582e-01
7.946875095367431641e-01
6.654393672943115234e-01
3.338692784309387207e-01
1.823337003588676453e-02
4.506205916404724121e-01
2.111988328397274017e-02
6.098594069480895996e-01
6.423371285200119019e-02
9.453997015953063965e-01
3.804635629057884216e-02
2.588970586657524109e-02
8.846147656440734863e-01
3.422287404537200928e-01
8.389533758163452148e-01
5.224373340606689453e-01
1.398575752973556519e-01
5.478433147072792053e-02
7.478483766317367554e-02
5.200439691543579102e-01
6.874548643827438354e-02
7.092592865228652954e-02
7.292565703392028809e-02
1.710104048252105713e-01
1.614209562540054321e-01
3.265754580497741699e-01
6.419938802719116211e-02
3.479471802711486816e-01
9.352983534336090088e-02
8.465805649757385254e-01
1.073663681745529175e-01
6.222628802061080933e-02
2.603657841682434082e-01
2.933628261089324951e-01
1.558000147342681885e-01
7.825731486082077026e-02
2.300572246313095093e-01
2.019596248865127563e-01
5.621553212404251099e-02
2.693181037902832031e-01
6.703153252601623535e-01
1.118480637669563293e-01
7.916264533996582031e-01
6.856341660022735596e-02
7.429665327072143555e-02
8.185684680938720703e-01
9.474729299545288086e-01
8.890249729156494141e-01
4.094476997852325439e-01
9.937225282192230225e-02
3.365675508975982666e-01
8.536423444747924805e-01
2.973459661006927490e-01
5.805497616529464722e-02
1.995261013507843018e-01
8.048594594001770020e-01
9.313238263130187988e-01
8.600781559944152832e-01
3.179149329662322998e-01
9.316174685955047607e-02
2.964857816696166992e-01
3.687138259410858154e-01
2.197118252515792847e-01
5.636814236640930176e-01
7.671201229095458984e-02
8.913540840148925781e-02
1.421338319778442383e-01
7.810073494911193848e-01
8.105870336294174194e-02
2.678820490837097168e-01
5.076022744178771973e-01
6.262127757072448730e-01
1.296897046267986298e-02
2.586635015904903412e-02
7.504968643188476562e-01
1.016553118824958801e-01
5.625399351119995117e-01
8.990891575813293457e-01
8.152531981468200684e-01
1.628410518169403076e-01
3.372854292392730713e-01
6.460064053535461426e-01
1.040146723389625549e-01
4.265552759170532227e-01
2.026381492614746094e-01
9.530414342880249023e-01
9.419398307800292969e-01
5.514771938323974609e-01
1.455357968807220459e-01
9.603325724601745605e-01
5.151323676109313965e-01
2.132806479930877686e-01
9.571202993392944336e-01
9.598004221916198730e-01
2.931388616561889648e-01
6.601238995790481567e-02
4.380859807133674622e-02
3.634653389453887939e-01
4.872981309890747070e-01
1.700107902288436890e-01
9.499433040618896484e-01
3.930982053279876709e-01
5.149581432342529297e-01
6.883771717548370361e-02
2.820134460926055908e-01
5.303418636322021484e-01
1.605767309665679932e-01
2.976464331150054932e-01
8.312599658966064453e-01
4.817685857415199280e-02
1.579387933015823364e-01
8.020416498184204102e-01
5.555638074874877930e-01
2.694745361804962158e-01
4.281849041581153870e-02
8.503913879394531250e-01
8.662099242210388184e-01
8.226095438003540039e-01
4.812467377632856369e-03
3.105319142341613770e-01
7.664387822151184082e-01
2.523008882999420166e-01
5.531862378120422363e-01
4.481134563684463501e-02
6.457207202911376953e-01
4.927178025245666504e-01
8.870086818933486938e-02
9.079046249389648438e-01
1.557586640119552612e-01
3.076684176921844482e-01
4.349590092897415161e-02
1.987029463052749634e-01
7.913745641708374023e-01
4.308758303523063660e-02
4.824958145618438721e-01
9.008762836456298828e-01
7.631860971450805664e-01
9.130966067314147949e-01
8.423076868057250977e-01
3.242886066436767578e-01
6.910349130630493164e-01
8.672653883695602417e-02
9.939230978488922119e-02
8.798215985298156738e-01
1.901571005582809448e-01
3.821086511015892029e-02
7.983765006065368652e-01
7.327769696712493896e-02
1.292609330266714096e-02
1.066385954618453979e-01
7.962946891784667969e-01
7.598989009857177734e-01
4.156593382358551025e-01
3.908944427967071533e-01
7.227656245231628418e-01
7.508984208106994629e-02
3.703726083040237427e-02
7.245875000953674316e-01
1.708543896675109863e-01
9.584773778915405273e-01
1.514394432306289673e-01
5.909837782382965088e-02
6.060652136802673340e-01
3.404812514781951904e-01
1.512074470520019531e-01
1.432734429836273193e-01
1.875004023313522339e-01
5.747851356863975525e-02
3.838911056518554688e-01
6.564058363437652588e-02
4.065929949283599854e-01
8.987411856651306152e-01
1.843224763870239258e-01
8.606858253479003906e-01
6.562094688415527344e-01
3.378222584724426270e-01
1.983364671468734741e-01
8.893999457359313965e-01
1.613321900367736816e-02
1.679854393005371094e-01
7.292797416448593140e-02
4.489814341068267822e-01
2.755679190158843994e-02
9.674463868141174316e-01
6.327684223651885986e-02
3.092933893203735352e-01
9.169943630695343018e-02
9.782205224037170410e-01
7.941973805427551270e-01
5.979838222265243530e-02
2.197751253843307495e-01
8.710719347000122070e-01
9.190395474433898926e-01
1.091477721929550171e-01
6.256291270256042480e-01
2.195891737937927246e-01
7.694942355155944824e-01
4.008942544460296631e-01
8.061513900756835938e-01
9.553412199020385742e-01
6.444199383258819580e-02
9.144324064254760742e-01
6.962957382202148438e-01
5.007612705230712891e-01
9.693009853363037109e-01
5.052418112754821777e-01
6.438784301280975342e-02
6.004982590675354004e-01
4.007104039192199707e-02
4.029182195663452148e-01
8.575361967086791992e-01
3.413525596261024475e-02
8.389274775981903076e-02
6.457750499248504639e-02
6.498744487762451172e-01
4.151073396205902100e-01
4.446576908230781555e-02
5.423656105995178223e-01
7.985587120056152344e-01
1.188298910856246948e-01
7.245536446571350098e-01
1.973459124565124512e-02
2.512663602828979492e-01
1.911746114492416382e-01
9.072630107402801514e-02
9.177953600883483887e-01
1.413595024496316910e-02
5.402789711952209473e-01
4.838915914297103882e-02
7.390567064285278320e-01
3.283616155385971069e-02
9.058006405830383301e-01
3.770442679524421692e-02
5.853212624788284302e-02
2.743218652904033661e-02
3.417982161045074463e-02
8.141961693763732910e-01
9.528829902410507202e-02
9.310802221298217773e-01
8.505473136901855469e-01
3.688562512397766113e-01
8.896329402923583984e-01
3.106437064707279205e-02
4.934259131550788879e-02
8.303517699241638184e-01
2.268533110618591309e-01
7.345314025878906250e-01
4.172886312007904053e-01
8.990774750709533691e-01
9.001974761486053467e-02
1.234367191791534424e-01
8.077383786439895630e-02
1.756047271192073822e-02
2.611988782882690430e-01
7.310578823089599609e-01
8.546685799956321716e-03
4.943630099296569824e-01
3.877070173621177673e-02
3.265981376171112061e-02
9.213986396789550781e-01
7.810828089714050293e-01
6.184167414903640747e-02
2.018012255430221558e-01
1.681291460990905762e-01
3.752401173114776611e-01
1.059155687689781189e-01
2.510776519775390625e-01
5.133253708481788635e-02
9.327028393745422363e-01
5.884274244308471680e-01
1.077498868107795715e-01
1.084981858730316162e-01
1.385922282934188843e-01
6.661516427993774414e-01
3.986569866538047791e-02
4.148440957069396973e-01
9.554102271795272827e-02
3.876858353614807129e-01
1.121559441089630127e-01
2.702194452285766602e-01
2.985069453716278076e-01
3.803604543209075928e-01
7.613014429807662964e-02
2.461885064840316772e-01
6.196045279502868652e-01
1.066766679286956787e-01
2.977381646633148193e-01
1.170173007994890213e-02
1.070317178964614868e-01
6.084741950035095215e-01
3.649881482124328613e-02
3.454404473304748535e-01
7.268363833427429199e-01
5.636764764785766602e-01
1.419917643070220947e-01
4.201543927192687988e-01
2.400879263877868652e-01
7.797462940216064453e-01
2.182385325431823730e-01
3.398327529430389404e-02
1.004348993301391602e-01
2.461057603359222412e-01
4.802230894565582275e-01
5.937821865081787109e-01
7.649053633213043213e-02
4.543337821960449219e-01
5.988593101501464844e-01
6.601238995790481567e-02
2.632086351513862610e-02
8.695698380470275879e-01
1.668176241219043732e-02
1.879532039165496826e-01
3.472229540348052979e-01
9.706358611583709717e-02
9.113437682390213013e-02
9.448786377906799316e-01
2.750742733478546143e-01
3.437569439411163330e-01
7.327497750520706177e-02
1.435743719339370728e-01
4.271802306175231934e-01
9.081161022186279297e-01
7.593850493431091309e-01
8.311467170715332031e-01
5.753824710845947266e-01
5.625905394554138184e-01
5.268353819847106934e-01
7.548546195030212402e-01
5.428061485290527344e-01
1.983704119920730591e-01
6.782925128936767578e-01
9.763023257255554199e-01
6.904310584068298340e-01
5.133358389139175415e-02
8.060111999511718750e-01
7.702112793922424316e-01
7.706601619720458984e-01
3.557580336928367615e-02
2.398692220449447632e-01
2.053596377372741699e-01
4.738060235977172852e-01
7.612292766571044922e-01
7.510824203491210938e-01
9.139950573444366455e-02
2.432583421468734741e-01
6.428466439247131348e-01
1.530559360980987549e-01
2.198110893368721008e-02
5.689330101013183594e-01
2.775596380233764648e-01
8.140655159950256348e-01
3.846920654177665710e-02
1.168273109942674637e-02
9.752193093299865723e-01
8.119959384202957153e-02
9.790296107530593872e-02
3.153131008148193359e-01
2.329054102301597595e-02
7.140966653823852539e-01
2.267560809850692749e-01
7.314263582229614258e-01
9.803745746612548828e-01
8.004778027534484863e-01
5.204578861594200134e-02
5.568490028381347656e-01
9.241511821746826172e-01
1.381805986166000366e-01
5.290668606758117676e-01
9.834076166152954102e-01
1.728633642196655273e-01
9.359039664268493652e-01
3.182003498077392578e-01
9.678355455398559570e-01
2.428762055933475494e-02
9.250279664993286133e-01
9.385480545461177826e-03
2.702194452285766602e-01
3.143552541732788086e-01
7.326356172561645508e-01
5.570909380912780762e-01
7.502716183662414551e-01
7.859677672386169434e-01
2.147870063781738281e-01
9.017590433359146118e-03
1.750402897596359253e-02
9.105859398841857910e-01
3.106685876846313477e-01
6.838888525962829590e-01
1.065112575888633728e-01
1.415526717901229858e-01
5.831239223480224609e-01
7.305054068565368652e-01
1.337397694587707520e-01
3.763415813446044922e-01
2.775303460657596588e-02
8.498995304107666016e-01
2.537208795547485352e-01
7.261811494827270508e-01
3.149093091487884521e-01
8.301107585430145264e-02
7.779625058174133301e-01
4.699181765317916870e-02
2.704581618309020996e-01
5.603913068771362305e-01
6.460288166999816895e-02
2.346753031015396118e-01
6.297888755798339844e-01
1.264017671346664429e-01
1.245825085788965225e-02
3.110353350639343262e-01
2.262526191771030426e-02
1.069105416536331177e-02
2.226965278387069702e-01
2.775390148162841797e-01
1.356789320707321167e-01
9.550181776285171509e-02
3.336439728736877441e-01
7.869979143142700195e-01
1.962187886238098145e-01
3.172892034053802490e-01
2.657654285430908203e-01
5.715002417564392090e-01
8.240733146667480469e-01
3.994637429714202881e-01
5.750338435173034668e-01
6.961452960968017578e-01
2.783508598804473877e-02
7.052771449089050293e-01
2.624017000198364258e-02
1.528655141592025757e-01
8.408176898956298828e-01
3.872542679309844971e-01
4.377145469188690186e-01
2.790738046169281006e-01
2.388133555650711060e-01
2.166085690259933472e-01
1.873496323823928833e-01
5.319658666849136353e-02
9.567025899887084961e-01
1.915231347084045410e-01
2.443935424089431763e-01
8.332498669624328613e-01
3.654166311025619507e-02
8.211091160774230957e-01
4.581799730658531189e-03
8.064113855361938477e-01
