1.555051505565643311e-01
7.612030506134033203e-01
7.777369022369384766e-02
9.491494894027709961e-01
5.287376046180725098e-01
7.767498493194580078e-01
1.715869158506393433e-01
1.436681114137172699e-02
1.608101576566696167e-01
9.423292875289916992e-01
1.355021893978118896e-01
9.439495205879211426e-01
7.370913624763488770e-01
8.914929628372192383e-01
1.989917755126953125e-01
1.669880449771881104e-01
5.438244938850402832e-01
3.122735917568206787e-01
8.718145489692687988e-01
5.156366825103759766e-01
4.823080599308013916e-01
6.948235034942626953e-01
9.945387393236160278e-02
4.181600511074066162e-01
1.728779971599578857e-01
8.543996214866638184e-01
9.109085202217102051e-01
7.661423087120056152e-02
1.506077498197555542e-01
6.262378394603729248e-02
3.851905465126037598e-01
5.424022674560546875e-02
4.519222304224967957e-02
9.595838189125061035e-01
2.057192325592041016e-01
5.382426977157592773e-01
5.291623473167419434e-01
8.349455893039703369e-02
7.221889495849609375e-02
1.953100115060806274e-01
6.546518802642822266e-01
9.363794922828674316e-01
3.211375474929809570e-01
3.408550620079040527e-01
2.537442743778228760e-01
7.927275896072387695e-01
9.534440040588378906e-01
4.724622517824172974e-02
2.296289615333080292e-02
9.645991921424865723e-01
6.147016957402229309e-02
1.094849109649658203e-01
8.400784134864807129e-01
8.500663638114929199e-01
9.190947562456130981e-02
3.102518618106842041e-01
5.153898596763610840e-01
1.348115950822830200e-01
6.588552147150039673e-02
4.737105593085289001e-02
9.740741848945617676e-01
7.936621904373168945e-01
1.161512285470962524e-01
1.495826393365859985e-01
2.504384219646453857e-01
2.152654528617858887e-01
2.948322147130966187e-02
9.503654837608337402e-01
2.642415761947631836e-01
3.104232437908649445e-02
5.210135579109191895e-01
6.598816514015197754e-01
8.925042301416397095e-02
3.794530332088470459e-01
3.175159692764282227e-01
1.287619024515151978e-02
8.657895922660827637e-01
1.428802404552698135e-02
9.586815237998962402e-01
9.125306606292724609e-01
3.370499610900878906e-02
4.594317674636840820e-01
5.836914777755737305e-01
7.040399312973022461e-01
4.162095487117767334e-02
1.083478480577468872e-01
2.834726497530937195e-02
1.083003655076026917e-01
5.944364145398139954e-02
8.301804065704345703e-01
3.771821558475494385e-01
8.148579299449920654e-02
5.259522423148155212e-02
3.631973639130592346e-02
1.638745367527008057e-01
4.947687685489654541e-01
8.607383966445922852e-01
7.671069502830505371e-01
4.921815395355224609e-01
2.314256727695465088e-01
4.190820455551147461e-02
4.487840831279754639e-01
3.267971575260162354e-01
1.578235179185867310e-01
5.076861977577209473e-01
2.266223877668380737e-01
5.707008838653564453e-01
4.520862549543380737e-02
4.911653995513916016e-01
7.290036976337432861e-02
2.804190851747989655e-02
3.366413712501525879e-02
7.334207296371459961e-01
9.299355745315551758e-01
5.461459159851074219e-01
4.486117660999298096e-01
8.425408005714416504e-01
3.190525770187377930e-01
1.721366047859191895e-01
6.582820415496826172e-02
4.031678661704063416e-02
4.689408540725708008e-01
9.033649563789367676e-01
8.613887429237365723e-01
1.244385167956352234e-01
6.083465740084648132e-02
4.601573646068572998e-01
9.372884035110473633e-01
1.359998732805252075e-01
1.468371003866195679e-01
1.801392808556556702e-02
1.313416957855224609e-01
9.203622341156005859e-01
7.672008872032165527e-01
1.701720952987670898e-01
5.039592459797859192e-02
8.539215922355651855e-01
4.743760526180267334e-01
1.319441646337509155e-01
9.291598200798034668e-01
3.226783275604248047e-01
4.713647067546844482e-02
8.100322484970092773e-01
3.417738676071166992e-01
9.487490653991699219e-01
9.668101668357849121e-01
4.227232933044433594e-02
2.656525671482086182e-01
1.431092247366905212e-02
3.333378955721855164e-02
3.963058888912200928e-01
4.103184118866920471e-02
8.411581814289093018e-02
2.058743089437484741e-01
1.321988105773925781e-01
4.813868179917335510e-02
9.165915250778198242e-01
4.517391622066497803e-01
2.123984247446060181e-01
5.544988512992858887e-01
4.620519280433654785e-01
3.831493481993675232e-02
5.458359718322753906e-01
4.632833302021026611e-01
9.454602599143981934e-01
9.092387557029724121e-01
9.324089288711547852e-01
6.070015430450439453e-01
2.395906858146190643e-02
4.078338444232940674e-01
6.929494440555572510e-02
1.941685564815998077e-02
6.659267097711563110e-02
6.279163807630538940e-02
3.380646184086799622e-02
6.921284794807434082e-01
9.245185256004333496e-01
9.271373152732849121e-01
4.372230172157287598e-02
5.947778820991516113e-01
1.712221801280975342e-01
4.038681462407112122e-02
8.246213793754577637e-01
8.177701830863952637e-01
1.194370463490486145e-01
6.988295316696166992e-01
8.867323398590087891e-02
3.906225264072418213e-01
8.107426762580871582e-01
6.788442730903625488e-01
4.257033765316009521e-02
4.560156762599945068e-01
3.046132065355777740e-02
6.746338605880737305e-01
4.002030193805694580e-01
5.430899858474731445e-01
5.508297681808471680e-01
2.972886152565479279e-02
6.753024458885192871e-01
3.876512348651885986e-01
6.515173912048339844e-01
9.410261511802673340e-01
9.617450237274169922e-01
2.608955800533294678e-01
5.257253050804138184e-01
9.317518472671508789e-01
7.271745204925537109e-01
3.845456242561340332e-02
3.233682215213775635e-01
2.710187137126922607e-01
9.417287707328796387e-01
5.741364508867263794e-02
4.871532022953033447e-01
6.248566508293151855e-02
4.234015345573425293e-01
4.321400076150894165e-02
7.484769225120544434e-01
5.992533564567565918e-01
7.425305843353271484e-01
3.817999735474586487e-02
2.739880383014678955e-01
1.676595211029052734e-01
6.935523152351379395e-01
8.464534580707550049e-02
4.937445521354675293e-01
9.628311991691589355e-01
2.261441200971603394e-01
7.733672261238098145e-01
9.138329029083251953e-01
3.129261359572410583e-02
7.204924821853637695e-01
5.359838604927062988e-01
4.414539933204650879e-01
9.454898834228515625e-01
9.278931617736816406e-01
9.700326323509216309e-01
7.689664959907531738e-01
7.728140354156494141e-01
6.387488245964050293e-01
9.235472679138183594e-01
3.683833777904510498e-01
2.610064148902893066e-01
8.634358644485473633e-01
8.275559544563293457e-01
2.078913599252700806e-01
4.665114581584930420e-01
7.229811698198318481e-02
7.846764922142028809e-01
3.567348048090934753e-02
8.541488647460937500e-01
7.994751334190368652e-01
2.741245031356811523e-01
8.186966180801391602e-01
9.311892986297607422e-01
6.385600566864013672e-01
3.224318027496337891e-01
3.076488338410854340e-02
5.454875528812408447e-02
8.682231903076171875e-01
8.791721463203430176e-01
7.831618785858154297e-01
9.135251045227050781e-01
6.428735703229904175e-02
2.650969326496124268e-01
6.351537704467773438e-01
6.152174249291419983e-02
1.524745486676692963e-02
5.743597075343132019e-02
1.798230707645416260e-01
1.892394274473190308e-01
9.359943866729736328e-01
3.041036799550056458e-02
1.434907689690589905e-02
9.521907567977905273e-01
3.677625581622123718e-02
2.524307966232299805e-01
3.832021653652191162e-01
9.925527125597000122e-02
7.550916671752929688e-01
1.227088347077369690e-01
2.226970791816711426e-01
7.968598008155822754e-01
6.058946251869201660e-01
6.179347634315490723e-01
4.345637857913970947e-01
1.314095258712768555e-01
3.622278571128845215e-01
1.984113827347755432e-02
3.000646531581878662e-01
8.131968975067138672e-01
8.085554838180541992e-01
2.046603113412857056e-01
2.564065456390380859e-01
2.913146913051605225e-01
4.360073804855346680e-01
6.134961172938346863e-02
6.380945444107055664e-01
1.085914373397827148e-01
1.145537868142127991e-01
7.285454124212265015e-02
1.426157802343368530e-01
9.350945949554443359e-01
9.058097004890441895e-01
1.425624042749404907e-01
3.561295568943023682e-01
9.838463068008422852e-01
8.848574757575988770e-01
7.719385027885437012e-01
8.139033913612365723e-01
1.971751749515533447e-01
8.556729555130004883e-01
7.939085364341735840e-01
9.178022146224975586e-01
5.003895759582519531e-01
1.053737998008728027e-01
9.558164477348327637e-01
1.120748966932296753e-01
6.866171360015869141e-01
1.944419294595718384e-01
6.242456436157226562e-01
1.105435490608215332e-01
6.435599327087402344e-01
1.802298277616500854e-01
9.718277454376220703e-01
1.705819368362426758e-02
3.843811526894569397e-02
1.411414742469787598e-01
8.113721013069152832e-01
1.985071003437042236e-01
2.266505919396877289e-02
4.055920839309692383e-01
9.286449551582336426e-01
5.611452460289001465e-01
3.878196701407432556e-02
7.338971644639968872e-02
4.354059696197509766e-02
9.250711202621459961e-01
8.107396364212036133e-01
9.140146374702453613e-01
8.935692310333251953e-01
9.330011606216430664e-01
8.412997126579284668e-01
5.260679125785827637e-01
9.319736957550048828e-01
8.599745035171508789e-01
9.438048005104064941e-01
9.511389732360839844e-01
2.718401886522769928e-02
7.603150606155395508e-01
1.466281861066818237e-01
4.232002496719360352e-01
1.633646041154861450e-01
8.856402039527893066e-01
9.122844338417053223e-01
1.373527497053146362e-01
7.366662025451660156e-01
7.829701304435729980e-01
2.425122559070587158e-01
3.622600063681602478e-02
3.201269209384918213e-01
1.827349215745925903e-01
9.463126063346862793e-01
2.719242572784423828e-01
1.350554078817367554e-01
7.855002582073211670e-02
7.054338604211807251e-02
2.631804943084716797e-01
6.699141860008239746e-01
1.602317541837692261e-01
4.140396416187286377e-01
6.266826391220092773e-01
3.938563168048858643e-01
7.480393648147583008e-01
4.434372484683990479e-01
2.204584628343582153e-01
9.547752737998962402e-01
9.248250722885131836e-02
8.964480757713317871e-01
1.839956641197204590e-01
1.005967259407043457e-01
2.308083325624465942e-01
9.382560253143310547e-01
1.454130411148071289e-01
1.140458974987268448e-02
6.364998221397399902e-01
9.460096955299377441e-01
5.354105830192565918e-01
9.579371213912963867e-01
3.613246232271194458e-02
6.289283037185668945e-01
9.153662919998168945e-01
2.718367278575897217e-01
3.239761665463447571e-02
1.352106481790542603e-01
2.259423956274986267e-02
2.648535668849945068e-01
2.928822934627532959e-01
9.164927601814270020e-01
8.462265133857727051e-01
4.159032106399536133e-01
1.512295007705688477e-01
3.743026033043861389e-02
3.066062033176422119e-01
3.181309103965759277e-01
4.950596988201141357e-01
9.022561907768249512e-01
6.941325068473815918e-01
5.476092696189880371e-01
8.696320652961730957e-01
3.466729223728179932e-01
2.369107678532600403e-02
2.882562577724456787e-01
8.847818374633789062e-01
8.770273327827453613e-01
2.190669812262058258e-02
8.125303387641906738e-01
7.231397628784179688e-01
9.530634433031082153e-02
8.569579720497131348e-01
6.597743630409240723e-01
1.673090644180774689e-02
8.978719711303710938e-01
1.248820796608924866e-01
1.026500612497329712e-01
8.858271837234497070e-01
1.535701453685760498e-01
5.398088097572326660e-01
4.918401241302490234e-01
2.998788356781005859e-01
4.986026883125305176e-01
8.644933700561523438e-01
4.678814485669136047e-02
5.006882175803184509e-02
6.471440792083740234e-01
7.883315086364746094e-01
8.113894462585449219e-01
3.372610509395599365e-01
2.454885989427566528e-01
6.284577250480651855e-01
1.598854660987854004e-01
8.212899565696716309e-01
2.516016066074371338e-01
6.340826153755187988e-01
4.674920812249183655e-02
5.435825586318969727e-01
5.831500142812728882e-02
9.537420272827148438e-01
7.134407758712768555e-01
1.736205220222473145e-01
7.974021434783935547e-01
6.059668064117431641e-01
8.397696614265441895e-01
7.797520607709884644e-02
2.234472632408142090e-01
2.619625329971313477e-01
2.495959103107452393e-01
8.233041167259216309e-01
5.310424789786338806e-02
8.571035861968994141e-01
9.321967959403991699e-01
3.344612196087837219e-02
9.592280983924865723e-01
9.698656201362609863e-01
1.633586436510086060e-01
1.626999489963054657e-02
9.572189450263977051e-01
2.286686748266220093e-01
9.444123506546020508e-01
9.381267428398132324e-01
8.956490159034729004e-01
5.846287012100219727e-01
5.430940389633178711e-01
4.655968770384788513e-02
9.352220892906188965e-01
9.176473319530487061e-02
1.686902493238449097e-01
1.826726794242858887e-01
9.241715818643569946e-02
6.393839716911315918e-01
9.593574404716491699e-01
1.381801962852478027e-01
1.954495459794998169e-01
1.887422353029251099e-01
5.196207165718078613e-01
7.291194200515747070e-01
7.381391525268554688e-01
4.825587868690490723e-01
2.687373161315917969e-01
9.373142719268798828e-01
3.206272125244140625e-01
5.801330804824829102e-01
9.726301431655883789e-01
1.402924656867980957e-01
1.033737882971763611e-01
3.016739487648010254e-01
9.388267397880554199e-01
9.572051763534545898e-01
8.729897141456604004e-01
5.492228269577026367e-01
9.013594985008239746e-01
8.521859049797058105e-01
2.271396070718765259e-01
5.620159506797790527e-01
5.002635121345520020e-01
2.979783527553081512e-02
2.512667775154113770e-01
9.760364890098571777e-02
6.716269999742507935e-02
7.600939273834228516e-02
7.196403145790100098e-01
2.470461092889308929e-02
8.644480109214782715e-01
7.249521613121032715e-01
1.902592368423938751e-02
8.150190711021423340e-01
9.303540587425231934e-01
4.379115626215934753e-02
8.101513385772705078e-01
5.920513868331909180e-01
3.235784918069839478e-02
7.518924772739410400e-02
6.007781624794006348e-01
3.880437612533569336e-01
5.606827735900878906e-01
7.777290940284729004e-01
1.228610128164291382e-01
8.604344129562377930e-01
7.511915266513824463e-02
2.758097350597381592e-01
5.058240145444869995e-02
5.687345266342163086e-01
9.168039560317993164e-01
9.730747938156127930e-01
1.643105298280715942e-01
2.825634181499481201e-01
3.549615666270256042e-02
9.020130634307861328e-01
9.507524967193603516e-01
7.910686731338500977e-01
5.192586779594421387e-01
3.400412797927856445e-01
9.077545404434204102e-01
3.304126262664794922e-01
1.547794640064239502e-01
4.078816995024681091e-02
3.678963780403137207e-01
7.439808249473571777e-01
6.824079155921936035e-01
1.186507120728492737e-01
1.172205284237861633e-01
6.482102870941162109e-01
9.733999371528625488e-01
6.998441815376281738e-01
2.136453054845333099e-02
1.907578110694885254e-01
8.035404086112976074e-01
4.677594825625419617e-02
8.548989295959472656e-01
4.213089644908905029e-01
1.632672697305679321e-01
8.361923694610595703e-02
9.834162145853042603e-02
8.576136082410812378e-02
2.463551759719848633e-01
3.208864629268646240e-01
3.677181303501129150e-01
5.618965998291969299e-02
4.014183878898620605e-01
9.063434600830078125e-01
7.716619968414306641e-01
3.273102641105651855e-01
5.625967979431152344e-01
1.404897719621658325e-01
1.939613819122314453e-01
7.783997058868408203e-01
3.631253838539123535e-01
9.602768421173095703e-01
8.274912089109420776e-02
2.839753627777099609e-01
2.931025922298431396e-01
6.311495900154113770e-01
3.356498777866363525e-01
4.619657397270202637e-01
9.691795706748962402e-01
2.854415178298950195e-01
8.633691072463989258e-01
8.935226798057556152e-01
7.279173135757446289e-01
1.854152083396911621e-01
1.554941534996032715e-01
2.497208416461944580e-01
9.098402261734008789e-01
7.938285917043685913e-02
9.456853866577148438e-01
2.320391982793807983e-01
2.439832873642444611e-02
9.101544022560119629e-01
9.344756007194519043e-01
4.980161413550376892e-02
8.350977897644042969e-01
8.116979598999023438e-01
1.966432631015777588e-01
7.682120800018310547e-01
6.353824734687805176e-01
5.378403067588806152e-01
1.107660233974456787e-01
8.303040862083435059e-01
4.054474458098411560e-02
4.211306869983673096e-01
4.679828882217407227e-01
6.075740456581115723e-01
7.709388136863708496e-01
8.853970170021057129e-01
1.992409490048885345e-02
5.194320678710937500e-01
1.574587672948837280e-01
9.162667393684387207e-01
5.636688470840454102e-01
8.408908843994140625e-01
5.667598918080329895e-02
9.396862387657165527e-01
7.952460646629333496e-01
7.099497318267822266e-01
7.260341644287109375e-01
8.319686055183410645e-01
2.978445217013359070e-02
7.683627605438232422e-01
4.338519573211669922e-01
2.563153393566608429e-02
3.020317852497100830e-01
3.298008441925048828e-02
9.610882997512817383e-01
3.101995773613452911e-02
9.650452136993408203e-01
5.413433909416198730e-01
3.164502233266830444e-02
7.639240026473999023e-01
8.409832119941711426e-01
9.342607110738754272e-02
4.757207632064819336e-01
2.652429416775703430e-02
4.669921472668647766e-02
5.532604083418846130e-02
1.008769795298576355e-01
8.512281179428100586e-01
9.618276357650756836e-01
7.733682990074157715e-01
4.033403396606445312e-01
6.503107547760009766e-01
1.795581281185150146e-01
8.986918330192565918e-01
9.489746093750000000e-01
3.713467121124267578e-01
9.682499766349792480e-01
2.060367017984390259e-01
5.581001192331314087e-02
4.884262979030609131e-01
1.389331221580505371e-01
1.107343211770057678e-01
2.643747329711914062e-01
9.241049289703369141e-01
7.908342033624649048e-02
4.571839869022369385e-01
9.047889113426208496e-01
6.670417636632919312e-02
8.628203719854354858e-02
8.416128754615783691e-01
7.290641069412231445e-01
4.683212041854858398e-01
9.820241332054138184e-01
1.523669511079788208e-01
6.087339669466018677e-02
5.410410165786743164e-01
6.648911833763122559e-01
4.857782721519470215e-01
8.264776468276977539e-01
9.263643622398376465e-01
6.734585762023925781e-01
1.826103031635284424e-01
9.206487983465194702e-02
1.193299442529678345e-01
1.522452384233474731e-01
7.027745246887207031e-01
4.345882236957550049e-01
9.745184779167175293e-01
8.200658112764358521e-02
6.327574849128723145e-01
7.446544766426086426e-01
9.432796239852905273e-01
5.124239325523376465e-01
1.957047283649444580e-01
8.248726725578308105e-01
1.533480435609817505e-01
1.033465266227722168e-01
2.770458459854125977e-01
9.631865024566650391e-01
6.194852590560913086e-01
1.467593163251876831e-01
4.133546352386474609e-01
8.642908930778503418e-01
4.781456291675567627e-02
9.187703132629394531e-01
1.649078913033008575e-02
2.176889181137084961e-01
7.819416522979736328e-01
7.869383692741394043e-01
9.239261150360107422e-01
5.741530060768127441e-01
6.256908774375915527e-01
4.670337215065956116e-02
2.171275615692138672e-01
7.472218275070190430e-01
7.495986819267272949e-01
8.670210838317871094e-01
1.186892688274383545e-01
1.419983338564634323e-02
6.928185820579528809e-01
1.352414041757583618e-01
6.482107043266296387e-01
1.315010040998458862e-01
2.991398982703685760e-02
5.867374688386917114e-02
6.855059266090393066e-01
9.108933806419372559e-01
1.242108047008514404e-01
9.287632107734680176e-01
1.953239887952804565e-01
8.642592430114746094e-01
7.469850182533264160e-01
9.159582257270812988e-01
6.892313808202743530e-02
5.377463623881340027e-02
7.299203276634216309e-01
3.023969531059265137e-01
2.884546220302581787e-01
6.847234368324279785e-01
1.735772192478179932e-02
4.032761454582214355e-01
5.909607410430908203e-01
4.911555349826812744e-01
8.230283260345458984e-01
1.223507970571517944e-01
4.696862995624542236e-01
3.251473009586334229e-01
6.349661201238632202e-02
7.184626162052154541e-02
9.580458998680114746e-01
5.348383635282516479e-02
8.569543957710266113e-01
8.458543568849563599e-02
9.265703558921813965e-01
1.447380334138870239e-01
4.141279309988021851e-02
3.832983970642089844e-01
3.713467121124267578e-01
8.196854591369628906e-01
4.972378909587860107e-02
6.156218051910400391e-01
5.500020384788513184e-01
4.409159719944000244e-02
8.908785581588745117e-01
6.724294424057006836e-01
8.787268996238708496e-01
8.554314374923706055e-01
7.535118460655212402e-01
1.632760912179946899e-01
7.760876417160034180e-02
9.150279760360717773e-01
2.944345399737358093e-02
4.990009069442749023e-01
2.459414303302764893e-02
9.034982919692993164e-01
4.103408157825469971e-01
7.707462906837463379e-01
8.915922045707702637e-01
9.369565844535827637e-01
8.109808713197708130e-02
8.887996077537536621e-01
1.887084729969501495e-02
9.647924304008483887e-01
9.761666506528854370e-02
4.214725196361541748e-01
1.101357713341712952e-01
9.431964159011840820e-01
7.624534964561462402e-01
1.740244030952453613e-01
3.871423900127410889e-01
8.663997650146484375e-01
9.120440483093261719e-01
8.208759427070617676e-01
8.707926273345947266e-01
7.770705968141555786e-02
2.195585221052169800e-01
8.903748989105224609e-01
1.699858605861663818e-01
9.789905548095703125e-01
1.802930384874343872e-01
7.657048851251602173e-02
9.172463417053222656e-01
3.095901906490325928e-01
8.266128897666931152e-01
6.025186181068420410e-02
7.484815716743469238e-01
8.511019945144653320e-01
7.455187439918518066e-01
3.290764689445495605e-01
9.213610887527465820e-01
7.603364437818527222e-02
5.204618722200393677e-02
4.243206381797790527e-01
7.116701006889343262e-01
5.747244954109191895e-01
1.079533472657203674e-01
5.695452690124511719e-01
8.859573602676391602e-01
5.769544839859008789e-01
9.547766447067260742e-01
9.467331171035766602e-01
7.249823212623596191e-01
3.968072235584259033e-01
3.556539416313171387e-01
5.944737419486045837e-02
6.854923069477081299e-02
9.599862694740295410e-01
9.188922643661499023e-01
4.871419072151184082e-02
3.819843232631683350e-01
4.493096172809600830e-01
9.581626653671264648e-01
9.497818946838378906e-01
3.950737714767456055e-01
7.043459415435791016e-01
5.767560601234436035e-01
9.260033369064331055e-01
6.708819866180419922e-01
9.014956355094909668e-01
9.685736894607543945e-01
2.631748914718627930e-01
9.000244736671447754e-02
2.072627656161785126e-02
4.447530210018157959e-02
9.535722136497497559e-01
9.237975478172302246e-01
7.071965932846069336e-01
9.215587377548217773e-01
8.359138965606689453e-01
9.391504526138305664e-01
8.993175029754638672e-01
7.650700807571411133e-01
6.983823776245117188e-01
4.442296177148818970e-02
3.284327685832977295e-01
9.353893995285034180e-01
9.335368871688842773e-01
6.425402164459228516e-01
9.553073048591613770e-01
8.646681904792785645e-01
5.289673209190368652e-01
7.917553186416625977e-01
8.136848360300064087e-02
9.226971864700317383e-01
5.920331925153732300e-02
8.987944126129150391e-01
5.186721310019493103e-02
3.900143206119537354e-01
6.980989575386047363e-01
3.736202791333198547e-02
7.038705348968505859e-01
6.792890429496765137e-01
6.633317470550537109e-01
2.491607517004013062e-01
7.220706343650817871e-01
3.628603219985961914e-01
1.310747563838958740e-01
8.009459972381591797e-01
8.031258732080459595e-02
1.461268961429595947e-01
4.435431212186813354e-02
9.516735076904296875e-01
7.678490281105041504e-01
5.953626632690429688e-01
8.024168610572814941e-01
7.627871632575988770e-01
7.982996702194213867e-01
6.411814689636230469e-02
8.254028558731079102e-01
2.881380617618560791e-01
1.464545577764511108e-01
4.986275434494018555e-01
7.554911971092224121e-01
3.998251855373382568e-01
7.413005828857421875e-01
6.903062015771865845e-02
1.629701256752014160e-01
2.164174430072307587e-02
7.679400444030761719e-01
7.178138494491577148e-01
2.378502786159515381e-01
3.268826752901077271e-02
1.991851180791854858e-01
8.742672950029373169e-02
9.692663550376892090e-01
8.490221500396728516e-01
7.809609770774841309e-01
4.825618863105773926e-01
2.330044955015182495e-01
4.113390147686004639e-01
2.078610509634017944e-01
2.883882820606231689e-01
6.108440086245536804e-02
8.732659220695495605e-01
9.559233486652374268e-02
1.284649819135665894e-01
5.079892277717590332e-01
6.694546937942504883e-01
5.922413468360900879e-01
7.172375321388244629e-01
9.406704902648925781e-01
6.360166072845458984e-01
5.145446956157684326e-02
2.732495665550231934e-01
5.829120874404907227e-01
2.792282775044441223e-02
8.585820198059082031e-01
8.519280552864074707e-01
7.216278910636901855e-01
9.625943303108215332e-01
2.745997309684753418e-01
5.750968456268310547e-01
1.533524543046951294e-01
9.103414416313171387e-01
9.362825155258178711e-01
3.776320219039916992e-01
2.892463505268096924e-01
8.067116737365722656e-01
3.901634812355041504e-01
5.082833394408226013e-02
6.690368056297302246e-01
9.650424718856811523e-01
9.250618517398834229e-02
7.354530692100524902e-01
7.352414131164550781e-01
2.695628255605697632e-02
1.843649148941040039e-01
2.001362144947052002e-01
5.218749046325683594e-01
1.076349690556526184e-01
7.651452422142028809e-01
5.234798789024353027e-01
6.639233231544494629e-01
1.068100854754447937e-01
9.683049321174621582e-01
9.674381017684936523e-01
6.154868006706237793e-01
2.195588946342468262e-01
1.514210104942321777e-01
9.247490167617797852e-01
8.745903521776199341e-02
3.278409540653228760e-01
6.553868949413299561e-02
1.891152560710906982e-01
9.017772078514099121e-01
8.221347332000732422e-01
2.295494675636291504e-01
3.626617789268493652e-01
1.833603158593177795e-02
7.916212081909179688e-01
1.376444753259420395e-02
9.087758660316467285e-01
7.661473155021667480e-01
6.417603492736816406e-01
4.577498137950897217e-01
2.155892550945281982e-01
5.689614638686180115e-02
1.541057080030441284e-01
9.450648427009582520e-01
1.705014333128929138e-02
5.119946226477622986e-02
2.776138782501220703e-01
1.954652667045593262e-01
9.509627223014831543e-01
3.518638014793395996e-01
8.577393293380737305e-01
1.264785677194595337e-01
9.169244766235351562e-01
3.649208545684814453e-01
5.366765260696411133e-01
8.446399122476577759e-02
9.454756379127502441e-01
4.961552023887634277e-01
5.770348757505416870e-02
9.500330090522766113e-01
9.047350287437438965e-01
9.302718043327331543e-01
3.422998487949371338e-01
8.850755691528320312e-01
8.544572442770004272e-02
5.053425431251525879e-01
1.647082120180130005e-01
3.334307968616485596e-01
4.994930028915405273e-01
6.236039400100708008e-01
1.534379273653030396e-02
8.282984495162963867e-01
1.765601038932800293e-01
9.158918857574462891e-01
1.248611211776733398e-01
7.183986306190490723e-01
1.057504117488861084e-01
2.563371956348419189e-01
6.481658220291137695e-01
7.809588909149169922e-01
7.328671813011169434e-01
5.596822127699851990e-02
6.591925024986267090e-02
3.945236206054687500e-01
5.245227366685867310e-02
1.798737198114395142e-01
6.688706874847412109e-01
8.365048170089721680e-01
3.244067728519439697e-01
9.022060781717300415e-02
7.858322858810424805e-01
3.626163303852081299e-02
6.435026526451110840e-01
4.762015044689178467e-01
8.745713829994201660e-01
7.620266675949096680e-01
1.843782961368560791e-01
9.419177174568176270e-01
2.806783616542816162e-01
3.321610093116760254e-01
3.016591072082519531e-01
9.417603015899658203e-01
7.689515352249145508e-01
3.632982373237609863e-01
2.045196443796157837e-01
5.334699749946594238e-01
5.601493641734123230e-02
6.974162161350250244e-02
1.011519655585289001e-01
3.539839386940002441e-02
6.306208372116088867e-01
6.802370548248291016e-01
4.928489029407501221e-01
8.418847322463989258e-01
2.014177441596984863e-01
8.479472994804382324e-01
1.670652776956558228e-01
1.820693165063858032e-01
3.850317001342773438e-01
7.403903603553771973e-01
7.035084962844848633e-01
9.716468453407287598e-01
1.694499850273132324e-01
7.036458849906921387e-01
9.227449893951416016e-01
5.826388299465179443e-02
2.155853062868118286e-02
9.453994035720825195e-01
7.359279394149780273e-01
3.851628303527832031e-01
9.442307353019714355e-01
8.167479038238525391e-01
4.231520593166351318e-01
2.929718792438507080e-02
6.607336401939392090e-01
2.374247647821903229e-02
1.590426415205001831e-01
6.330248117446899414e-01
1.916703134775161743e-01
1.973045766353607178e-01
9.470846503973007202e-02
1.313096284866333008e-02
9.396158456802368164e-01
3.855824470520019531e-02
7.540834546089172363e-01
8.374630212783813477e-01
9.277985095977783203e-01
7.433419227600097656e-01
9.366357326507568359e-01
2.639030516147613525e-01
8.283067941665649414e-01
9.316852092742919922e-01
9.210253953933715820e-01
5.734463334083557129e-01
9.037490487098693848e-01
2.853907048702239990e-01
8.962396383285522461e-01
1.810792386531829834e-01
3.784531652927398682e-01
9.225087165832519531e-01
4.083355516195297241e-02
1.760224550962448120e-01
9.707075953483581543e-01
3.136338293552398682e-01
6.849302053451538086e-01
7.270671427249908447e-02
4.963460564613342285e-02
6.844007223844528198e-02
5.318924784660339355e-01
9.249293804168701172e-01
8.518906235694885254e-01
6.554807424545288086e-01
8.770062327384948730e-01
4.627156555652618408e-01
8.643281459808349609e-01
3.776265680789947510e-01
6.816165447235107422e-01
7.985289096832275391e-01
3.898732364177703857e-01
7.657332420349121094e-01
5.575425028800964355e-01
7.003072649240493774e-02
7.510408163070678711e-01
9.103732109069824219e-01
4.134874641895294189e-01
9.084703773260116577e-02
5.842077359557151794e-02
6.257275938987731934e-01
2.829926088452339172e-02
7.244997471570968628e-02
4.828512072563171387e-01
7.998269796371459961e-02
1.156470924615859985e-01
8.918574452400207520e-01
6.031370535492897034e-02
9.323626011610031128e-02
2.045311629772186279e-01
5.594031214714050293e-01
9.006273746490478516e-01
4.385499358177185059e-01
4.068886339664459229e-01
3.103154897689819336e-01
7.391337305307388306e-02
2.618471160531044006e-02
7.698501944541931152e-01
9.501163959503173828e-01
6.442130357027053833e-02
9.439792633056640625e-01
1.831122487783432007e-01
7.877051830291748047e-01
7.181140184402465820e-01
8.245114088058471680e-01
1.458559483289718628e-01
2.076004259288311005e-02
9.682148694992065430e-01
6.602444648742675781e-01
8.614828586578369141e-01
9.475771784782409668e-01
8.350992798805236816e-01
5.516132116317749023e-01
1.487240940332412720e-01
1.434092074632644653e-01
4.391574859619140625e-02
8.894425034523010254e-01
4.710171222686767578e-01
1.822470128536224365e-01
6.429956555366516113e-01
2.582531571388244629e-01
3.316090106964111328e-01
6.836738437414169312e-02
7.089427113533020020e-01
3.052139282226562500e-01
5.872140526771545410e-01
9.018634557723999023e-01
6.133564710617065430e-01
8.092414140701293945e-01
7.825897336006164551e-01
4.343064874410629272e-02
4.030735790729522705e-02
8.815885782241821289e-01
3.713692426681518555e-01
1.406788825988769531e-01
9.628366231918334961e-01
3.445408940315246582e-01
3.515643253922462463e-02
8.936896920204162598e-01
8.370712995529174805e-01
1.924371123313903809e-01
8.968410491943359375e-01
9.707112908363342285e-01
8.859974741935729980e-01
9.596320986747741699e-02
2.394347339868545532e-01
7.168683409690856934e-01
9.561067819595336914e-02
6.516642868518829346e-02
4.578054323792457581e-02
8.984202146530151367e-02
1.506169885396957397e-01
5.999243855476379395e-01
9.070829153060913086e-01
7.607374191284179688e-01
2.810984291136264801e-02
1.890467852354049683e-01
8.112221956253051758e-01
8.102651834487915039e-01
9.501121640205383301e-01
4.813193157315254211e-02
3.803054094314575195e-01
2.943896651268005371e-01
2.855398952960968018e-01
5.201239585876464844e-01
9.708774685859680176e-01
9.402586221694946289e-01
1.315335780382156372e-01
2.258924692869186401e-01
8.476655483245849609e-01
9.055484533309936523e-01
1.226121187210083008e-01
8.839290142059326172e-01
1.222622394561767578e-01
5.784687772393226624e-02
5.134555101394653320e-01
9.671730995178222656e-01
1.040831729769706726e-01
5.621975660324096680e-01
9.595221281051635742e-01
6.397832930088043213e-02
9.316011667251586914e-01
6.128073856234550476e-02
2.659694664180278778e-02
9.209819436073303223e-01
9.003595113754272461e-01
2.082056999206542969e-01
8.255034089088439941e-01
4.309393465518951416e-02
8.145120143890380859e-01
8.989615440368652344e-01
2.262279391288757324e-01
3.218308091163635254e-01
4.005357325077056885e-01
8.363180756568908691e-01
5.711389183998107910e-01
8.995090425014495850e-02
9.032368063926696777e-01
4.840902239084243774e-02
1.339544951915740967e-01
1.711919009685516357e-01
6.748822331428527832e-02
6.556308269500732422e-02
6.987801194190979004e-01
9.422500729560852051e-01
4.875843226909637451e-01
5.744792819023132324e-01
9.520990848541259766e-01
3.619615733623504639e-01
7.612031698226928711e-02
5.488600730895996094e-01
2.285002768039703369e-01
2.206827700138092041e-01
9.508756995201110840e-01
2.300251722335815430e-01
4.712522774934768677e-02
1.523347795009613037e-01
4.697838798165321350e-02
1.993374526500701904e-01
9.225934147834777832e-01
9.180014729499816895e-01
7.718650102615356445e-01
5.138075947761535645e-01
6.685236096382141113e-01
7.696828991174697876e-02
8.828263878822326660e-01
8.119976520538330078e-01
8.096844553947448730e-01
3.636164069175720215e-01
1.769927889108657837e-01
6.270056962966918945e-02
5.260553359985351562e-01
1.135605126619338989e-01
2.726094126701354980e-01
1.623599678277969360e-01
9.669841527938842773e-01
7.081079483032226562e-01
9.959243983030319214e-02
8.132581412792205811e-02
4.895234107971191406e-02
8.474525809288024902e-02
4.804826527833938599e-02
1.309812664985656738e-01
4.853766262531280518e-01
8.110596537590026855e-01
5.095643401145935059e-01
4.228213727474212646e-01
3.781610727310180664e-01
4.323567450046539307e-02
2.690511941909790039e-02
9.564504623413085938e-01
4.595896229147911072e-02
9.596131443977355957e-01
9.220659136772155762e-01
2.185834795236587524e-01
6.613910198211669922e-01
2.723567374050617218e-02
4.984301328659057617e-02
6.302641034126281738e-01
2.447237372398376465e-01
9.550855755805969238e-01
4.388262629508972168e-01
6.626169085502624512e-01
7.471175789833068848e-01
8.161135315895080566e-01
1.938988268375396729e-01
2.476257383823394775e-01
7.100527882575988770e-01
1.287911385297775269e-01
7.865208983421325684e-01
9.059987664222717285e-01
1.588966995477676392e-01
3.302108496427536011e-02
9.547945857048034668e-01
5.262728929519653320e-01
9.572770595550537109e-01
2.020446062088012695e-01
7.747883200645446777e-01
4.528754204511642456e-02
5.305305495858192444e-02
8.109357357025146484e-01
7.234329581260681152e-01
9.172621369361877441e-01
2.767406776547431946e-02
2.501288354396820068e-01
2.379171550273895264e-02
7.723175883293151855e-01
1.103355064988136292e-01
9.651595354080200195e-01
7.260199189186096191e-01
6.867267191410064697e-02
3.071875274181365967e-01
2.760880887508392334e-01
2.618874013423919678e-01
4.802382588386535645e-01
5.059701204299926758e-02
8.776842355728149414e-01
4.877904057502746582e-02
9.731171131134033203e-01
9.531389921903610229e-03
2.848818898200988770e-01
9.213398694992065430e-01
5.194012522697448730e-01
7.874251008033752441e-01
4.693240821361541748e-01
5.879355967044830322e-02
9.327384829521179199e-01
8.369608521461486816e-01
1.220074072480201721e-01
3.962439894676208496e-01
3.032647073268890381e-01
6.615272164344787598e-01
4.359822347760200500e-02
2.736675441265106201e-01
8.657243251800537109e-01
9.285640120506286621e-01
1.055237874388694763e-01
5.955962464213371277e-02
8.530630171298980713e-02
1.719929426908493042e-01
4.848129749298095703e-01
4.344448149204254150e-01
7.161971181631088257e-02
4.762018099427223206e-02
8.969447016716003418e-01
4.946956634521484375e-01
4.092037081718444824e-01
7.933333516120910645e-01
8.320187330245971680e-01
9.206030368804931641e-01
9.403312802314758301e-01
8.944514393806457520e-01
7.380499243736267090e-01
5.743098258972167969e-01
9.713492989540100098e-01
9.490118026733398438e-01
4.285217821598052979e-02
6.078928336501121521e-02
3.021876811981201172e-01
5.413398742675781250e-01
9.466021060943603516e-01
3.856553882360458374e-02
2.677906155586242676e-01
7.537364959716796875e-02
8.438174128532409668e-01
2.566647529602050781e-01
4.912568628787994385e-02
4.065530374646186829e-02
9.217249751091003418e-01
2.552495896816253662e-01
7.074847817420959473e-01
6.887312233448028564e-02
9.524598121643066406e-01
8.851455450057983398e-01
4.272850155830383301e-01
1.915803551673889160e-01
9.300963878631591797e-01
4.957541227340698242e-01
8.676462173461914062e-01
2.887293882668018341e-02
5.413121581077575684e-01
1.336900591850280762e-01
1.367391794919967651e-01
7.733166217803955078e-01
9.236625432968139648e-01
8.357515931129455566e-01
7.194429636001586914e-01
3.727992475032806396e-01
5.701421201229095459e-02
4.047526419162750244e-01
2.109331190586090088e-01
9.126190543174743652e-01
1.962439715862274170e-01
1.764243841171264648e-02
5.335782170295715332e-01
9.022359848022460938e-01
8.435294628143310547e-01
1.457262486219406128e-01
7.232735157012939453e-01
1.316893398761749268e-01
4.142617881298065186e-01
1.144648641347885132e-01
4.579358994960784912e-01
9.157468676567077637e-01
6.347119808197021484e-01
2.776041030883789062e-01
3.718456625938415527e-01
2.306320816278457642e-01
8.575295209884643555e-01
8.022933006286621094e-01
8.894158005714416504e-01
2.914715707302093506e-01
9.565986990928649902e-01
4.344314336776733398e-02
5.828812718391418457e-01
5.115198493003845215e-01
8.611503243446350098e-01
6.930398344993591309e-01
1.822793185710906982e-01
2.043193429708480835e-01
4.778463393449783325e-02
9.334576129913330078e-01
3.088848590850830078e-01
6.128340363502502441e-01
7.153614759445190430e-01
1.219691634178161621e-01
1.960984431207180023e-02
4.139062762260437012e-01
4.020864516496658325e-02
1.088352054357528687e-01
2.244356125593185425e-01
1.782201677560806274e-01
1.087257117033004761e-01
7.766727805137634277e-01
7.924422621726989746e-01
3.026376962661743164e-01
1.410190463066101074e-01
9.565624594688415527e-01
3.554290905594825745e-02
1.785393059253692627e-02
1.515373289585113525e-01
1.990018188953399658e-01
6.120123863220214844e-01
9.576820135116577148e-01
2.811639904975891113e-01
1.466002911329269409e-01
9.529891610145568848e-01
2.482144832611083984e-01
9.365352988243103027e-02
6.562480926513671875e-01
8.411416411399841309e-01
7.861655950546264648e-01
4.888208210468292236e-02
8.597793579101562500e-01
6.083022952079772949e-01
9.011605381965637207e-01
2.590583637356758118e-02
7.935038805007934570e-01
9.572261571884155273e-01
3.463661298155784607e-02
1.778305917978286743e-01
8.274128288030624390e-02
6.768762469291687012e-01
9.711403399705886841e-02
7.458130121231079102e-01
3.520161285996437073e-02
4.830455034971237183e-02
6.608224660158157349e-02
9.695444107055664062e-01
7.180532217025756836e-01
9.001603126525878906e-01
2.993424832820892334e-01
9.543992280960083008e-01
5.964587926864624023e-01
9.317786097526550293e-01
5.255491733551025391e-01
9.292917251586914062e-01
7.061337828636169434e-01
4.860183298587799072e-01
3.079032339155673981e-02
9.538128376007080078e-01
4.971592128276824951e-01
6.587617993354797363e-01
9.109342694282531738e-01
9.579875469207763672e-01
9.101018309593200684e-02
8.748002648353576660e-01
9.292254447937011719e-01
9.595402479171752930e-01
3.449998795986175537e-01
6.975895166397094727e-01
2.897850871086120605e-01
1.734723150730133057e-01
9.730626344680786133e-01
8.846683502197265625e-01
7.287070751190185547e-01
2.255186624825000763e-02
8.243035674095153809e-01
8.160549998283386230e-01
3.719688653945922852e-01
4.696072041988372803e-01
9.093458652496337891e-01
6.765071749687194824e-01
9.132765531539916992e-01
2.809813991189002991e-02
7.674733400344848633e-01
2.819332182407379150e-01
8.460288643836975098e-01
9.422637820243835449e-01
2.700223028659820557e-01
6.700083613395690918e-02
5.369775891304016113e-01
1.540771573781967163e-01
8.309829831123352051e-01
3.723750412464141846e-01
1.820893436670303345e-01
8.983783721923828125e-01
7.633260488510131836e-01
6.818581223487854004e-01
5.406876206398010254e-01
9.537390470504760742e-01
1.076149791479110718e-01
8.930248022079467773e-01
2.485806681215763092e-02
4.573945403099060059e-01
1.758260130882263184e-01
5.458260178565979004e-01
4.846378043293952942e-02
8.627316951751708984e-01
9.755794405937194824e-01
9.930582344532012939e-02
6.761620640754699707e-01
9.392349123954772949e-01
5.910377576947212219e-02
2.746162116527557373e-01
3.440980985760688782e-02
1.969548314809799194e-01
6.401309967041015625e-01
6.100635230541229248e-02
9.486809372901916504e-01
9.445765614509582520e-02
5.590114593505859375e-01
2.378084324300289154e-02
1.659976877272129059e-02
2.460785806179046631e-01
5.138924717903137207e-01
8.024896383285522461e-01
9.534682035446166992e-01
9.620069861412048340e-01
9.351167082786560059e-01
6.592201590538024902e-01
1.068985536694526672e-01
8.629973530769348145e-01
9.260779619216918945e-01
5.240306854248046875e-01
5.513939633965492249e-02
2.974225878715515137e-01
9.634366035461425781e-01
1.228281557559967041e-01
8.116137385368347168e-01
8.310867547988891602e-01
9.693540334701538086e-01
8.756706714630126953e-01
3.914125263690948486e-02
6.850378960371017456e-02
4.278002679347991943e-02
2.820481061935424805e-01
3.994467854499816895e-01
6.324669718742370605e-02
1.198827698826789856e-01
1.517654303461313248e-02
6.025453209877014160e-01
3.823433816432952881e-02
5.159276723861694336e-02
9.615302681922912598e-01
1.858181655406951904e-01
4.423992633819580078e-01
5.437340140342712402e-01
7.783544808626174927e-02
6.295661628246307373e-02
2.208546698093414307e-01
5.513898134231567383e-01
1.761279255151748657e-01
9.465617537498474121e-01
6.121317148208618164e-01
6.131797283887863159e-02
3.431681171059608459e-02
9.127370715141296387e-01
9.518134593963623047e-01
7.660881876945495605e-01
8.794334530830383301e-01
8.128929138183593750e-02
1.987248510122299194e-01
9.552555084228515625e-01
7.092469930648803711e-02
6.499853134155273438e-01
2.942315936088562012e-01
8.449532985687255859e-01
9.490185976028442383e-01
3.935258835554122925e-02
6.360931992530822754e-01
4.279253631830215454e-02
4.685297608375549316e-01
8.568075299263000488e-02
5.587719082832336426e-01
9.013549685478210449e-01
8.942595720291137695e-01
8.705717325210571289e-01
8.562472462654113770e-01
3.430812358856201172e-01
9.135850071907043457e-01
4.294871687889099121e-01
2.344121187925338745e-01
7.865362167358398438e-01
9.574318528175354004e-01
9.605361223220825195e-01
4.111134111881256104e-01
2.105280384421348572e-02
8.395842909812927246e-01
8.191196620464324951e-02
2.836826443672180176e-01
8.598135113716125488e-01
1.696490049362182617e-01
6.140236929059028625e-02
2.033400535583496094e-02
6.916477531194686890e-02
6.478731036186218262e-01
5.632333159446716309e-01
4.362262412905693054e-02
8.147166967391967773e-01
1.184556856751441956e-01
7.055804878473281860e-02
9.286407828330993652e-01
9.029735326766967773e-01
1.101543530821800232e-01
5.825844034552574158e-02
4.998801350593566895e-01
8.498793840408325195e-01
8.102898597717285156e-01
9.525247216224670410e-01
4.585810601711273193e-01
3.266209363937377930e-01
2.675659358501434326e-01
2.144772186875343323e-02
9.108158349990844727e-01
3.662786781787872314e-01
5.901696681976318359e-01
5.568487644195556641e-01
5.545572042465209961e-01
1.611168384552001953e-01
5.652464628219604492e-01
2.449036017060279846e-02
6.875554472208023071e-02
5.906291604042053223e-01
9.427897334098815918e-01
1.972861438989639282e-01
6.094200015068054199e-01
1.629582643508911133e-01
8.923914283514022827e-02
2.589316964149475098e-01
3.547514975070953369e-01
1.273926347494125366e-01
8.763512969017028809e-02
8.943206071853637695e-02
3.115518093109130859e-01
1.702270507812500000e-01
2.479536831378936768e-01
3.818578720092773438e-01
1.473315954208374023e-01
3.925966918468475342e-01
9.564474821090698242e-01
4.812094569206237793e-02
2.112731635570526123e-01
7.490255236625671387e-01
9.214091300964355469e-01
7.614393830299377441e-01
5.915443301200866699e-01
4.051540791988372803e-01
5.353493094444274902e-01
9.456216692924499512e-01
1.550614833831787109e-01
8.914423584938049316e-01
2.088005095720291138e-01
2.210316061973571777e-02
4.469361007213592529e-01
9.549459815025329590e-01
8.822537660598754883e-01
9.204157590866088867e-01
1.331781148910522461e-01
5.561058595776557922e-02
9.074996411800384521e-02
8.690322190523147583e-02
8.607944101095199585e-02
1.310150176286697388e-01
5.860919952392578125e-01
8.115038871765136719e-01
8.420023918151855469e-01
4.076036438345909119e-02
4.086106717586517334e-01
2.741177976131439209e-01
9.023939073085784912e-02
9.302622675895690918e-01
3.275788575410842896e-02
6.933261156082153320e-01
7.070246934890747070e-01
3.126931190490722656e-01
6.873092055320739746e-01
9.623876214027404785e-01
5.957210063934326172e-01
5.745473876595497131e-02
2.294193767011165619e-02
3.327716886997222900e-01
2.625042498111724854e-01
1.085541248321533203e-01
4.510091245174407959e-01
8.549887537956237793e-01
3.540157377719879150e-01
2.587942481040954590e-01
4.575162753462791443e-02
3.744730353355407715e-01
4.272907227277755737e-02
4.942337274551391602e-01
1.803793907165527344e-01
4.626277387142181396e-01
8.904881477355957031e-01
9.679442644119262695e-01
6.292418390512466431e-02
7.291274666786193848e-01
8.620940446853637695e-01
8.678846955299377441e-01
8.285799026489257812e-01
4.285038709640502930e-01
6.438238620758056641e-01
6.379466056823730469e-01
3.875271379947662354e-01
7.996934056282043457e-01
8.778131008148193359e-01
9.351332187652587891e-01
8.823913335800170898e-01
1.606364697217941284e-01
5.097875595092773438e-01
3.528410196304321289e-02
1.678562015295028687e-01
9.484129399061203003e-02
9.521713256835937500e-01
7.242327332496643066e-01
3.733655512332916260e-01
6.900299787521362305e-01
7.381812930107116699e-01
8.061966300010681152e-02
8.919481635093688965e-01
3.545906543731689453e-01
9.452768415212631226e-02
2.107260189950466156e-02
2.457165569067001343e-01
1.239694282412528992e-02
9.465684890747070312e-01
5.187450051307678223e-01
9.644324183464050293e-01
6.186420321464538574e-01
1.855825036764144897e-01
1.060534119606018066e-01
5.947162508964538574e-01
9.406279325485229492e-01
6.800118088722229004e-01
6.896770000457763672e-01
2.750022411346435547e-01
1.228454560041427612e-01
1.562597043812274933e-02
5.434371531009674072e-02
2.315517961978912354e-01
2.422573119401931763e-01
8.873435854911804199e-01
4.747933745384216309e-01
5.812867283821105957e-01
5.132857561111450195e-01
9.429805874824523926e-01
3.542775213718414307e-01
2.718691900372505188e-02
9.228936433792114258e-01
5.242637991905212402e-01
9.472951292991638184e-01
9.594927430152893066e-01
8.422831892967224121e-01
5.454483628273010254e-01
9.573518037796020508e-01
1.944033801555633545e-01
3.947316110134124756e-02
8.254155516624450684e-01
4.914393424987792969e-01
1.113435253500938416e-01
5.267028510570526123e-02
3.621840104460716248e-02
6.034179031848907471e-02
2.047688961029052734e-01
8.695917129516601562e-01
8.957067728042602539e-01
7.464117407798767090e-01
5.862357616424560547e-01
2.440545707941055298e-02
1.436700671911239624e-01
3.101429715752601624e-02
9.300893545150756836e-01
7.463518530130386353e-02
9.782045483589172363e-01
9.742748737335205078e-01
1.019541397690773010e-01
7.529107481241226196e-02
9.137783050537109375e-01
4.828899204730987549e-01
3.662864863872528076e-02
1.235003322362899780e-01
6.268104165792465210e-02
9.512069821357727051e-01
7.747584581375122070e-01
7.380291819572448730e-01
9.179562926292419434e-01
9.219802618026733398e-01
7.502582073211669922e-01
7.020460367202758789e-01
6.676321625709533691e-01
1.376785486936569214e-01
4.911149442195892334e-01
9.533261060714721680e-01
4.357210695743560791e-01
1.242208406329154968e-01
8.863229155540466309e-01
2.925106883049011230e-01
7.642561942338943481e-02
7.542095780372619629e-01
5.576760768890380859e-01
3.394450619816780090e-02
5.998163223266601562e-01
6.704390048980712891e-01
5.192777514457702637e-01
1.535856425762176514e-01
1.080861464142799377e-01
5.701885372400283813e-02
2.430481612682342529e-01
4.110011756420135498e-01
3.230330720543861389e-02
1.214882284402847290e-01
5.502727627754211426e-02
9.053161740303039551e-02
7.731030881404876709e-02
9.479172229766845703e-01
7.718747854232788086e-01
2.465509772300720215e-01
9.231272935867309570e-01
7.258433699607849121e-01
3.352779746055603027e-01
9.241819977760314941e-01
3.699911534786224365e-01
4.684760794043540955e-02
5.589798465371131897e-02
4.486248791217803955e-01
9.219675064086914062e-01
9.687152504920959473e-01
2.732643112540245056e-02
4.269255101680755615e-01
2.137875258922576904e-01
1.567408889532089233e-01
9.075234532356262207e-01
3.346201777458190918e-02
1.409552544355392456e-01
9.706610441207885742e-01
5.099168419837951660e-01
9.638302922248840332e-01
7.696557044982910156e-01
9.272659420967102051e-01
9.519699811935424805e-01
7.779719233512878418e-01
6.108248829841613770e-01
1.714543551206588745e-01
6.103458404541015625e-01
4.234209656715393066e-01
2.980280518531799316e-01
8.905826807022094727e-01
5.792047381401062012e-01
1.355990320444107056e-01
8.573682308197021484e-01
5.199747085571289062e-01
8.553125858306884766e-01
9.666152000427246094e-01
2.251886948943138123e-02
4.769263565540313721e-01
4.956215620040893555e-01
6.542939692735671997e-02
4.534955024719238281e-01
5.501263737678527832e-01
6.289987266063690186e-02
4.339208006858825684e-01
1.676403582096099854e-01
3.965874016284942627e-02
8.547621369361877441e-01
9.409286975860595703e-01
7.260242104530334473e-01
4.414889961481094360e-02
7.258287817239761353e-02
1.678356081247329712e-01
9.722393751144409180e-01
4.796722233295440674e-01
6.993368268013000488e-02
1.945071071386337280e-01
9.035809040069580078e-01
9.600702524185180664e-01
2.491961605846881866e-02
4.038245677947998047e-01
8.085632920265197754e-01
5.048365890979766846e-02
4.566491767764091492e-02
9.497625231742858887e-01
8.580688834190368652e-01
5.971853733062744141e-01
9.498525857925415039e-01
2.277101725339889526e-01
6.045994535088539124e-02
8.043821454048156738e-01
8.425848186016082764e-02
7.379780411720275879e-01
8.677462339401245117e-01
1.698043197393417358e-01
5.158693194389343262e-01
6.661416888236999512e-01
8.718879520893096924e-02
1.423978358507156372e-01
9.651598930358886719e-01
9.375719428062438965e-01
8.750489950180053711e-01
4.582173526287078857e-01
1.925132609903812408e-02
4.623472690582275391e-02
8.250644803047180176e-01
1.673840135335922241e-01
4.961651563644409180e-02
8.023629188537597656e-01
9.272197484970092773e-01
3.846327066421508789e-01
1.479558348655700684e-01
1.286070942878723145e-01
7.149823307991027832e-01
3.821969032287597656e-01
9.657879471778869629e-01
1.328689604997634888e-01
9.084110260009765625e-01
3.532108664512634277e-01
1.429306119680404663e-01
3.697310760617256165e-02
7.279616594314575195e-02
1.173788905143737793e-01
9.004215598106384277e-01
4.768583476543426514e-01
4.641702771186828613e-01
1.286732405424118042e-01
6.171700730919837952e-02
7.874639630317687988e-01
2.193027436733245850e-01
1.089185029268264771e-01
4.776519238948822021e-01
1.999490521848201752e-02
2.517752349376678467e-01
3.685433864593505859e-01
5.304838344454765320e-02
5.344272851943969727e-01
4.248178377747535706e-02
4.597948864102363586e-02
8.929948806762695312e-01
8.423829674720764160e-01
4.030679762363433838e-01
7.532500028610229492e-01
4.591861069202423096e-01
4.010552167892456055e-01
4.710687100887298584e-01
8.199238181114196777e-01
7.753027230501174927e-02
6.230220198631286621e-01
4.341568425297737122e-02
6.267963647842407227e-01
6.102923750877380371e-01
5.608854442834854126e-02
7.805243730545043945e-01
4.856744408607482910e-02
6.032850146293640137e-01
3.097634315490722656e-01
8.888080716133117676e-01
5.211114287376403809e-01
9.186744093894958496e-01
1.776830852031707764e-01
9.123771190643310547e-01
1.310678422451019287e-01
9.116604924201965332e-01
2.514930628240108490e-02
8.153474330902099609e-01
6.040447950363159180e-01
1.924878060817718506e-01
1.547370553016662598e-01
9.547107815742492676e-01
9.729601740837097168e-01
9.424363374710083008e-01
3.907816410064697266e-01
2.725136838853359222e-02
2.805207073688507080e-01
9.184044003486633301e-01
9.286670088768005371e-01
7.814158499240875244e-02
6.264693140983581543e-01
9.682242274284362793e-01
2.972168922424316406e-01
1.285785716027021408e-02
1.773876249790191650e-01
3.598807752132415771e-02
9.688323140144348145e-01
2.700446248054504395e-01
8.662998080253601074e-01
3.928548470139503479e-02
1.240785047411918640e-01
6.778274178504943848e-01
5.379712954163551331e-02
7.746835947036743164e-01
7.797672748565673828e-01
4.206762462854385376e-02
7.730619907379150391e-01
8.839695453643798828e-01
2.039390951395034790e-01
3.137198835611343384e-02
9.386717081069946289e-01
7.712241411209106445e-01
2.418410778045654297e-02
1.380404680967330933e-01
6.236835718154907227e-01
3.970695734024047852e-01
9.743487238883972168e-01
9.147113561630249023e-01
3.500379025936126709e-01
3.917982578277587891e-01
7.908916473388671875e-01
8.468795418739318848e-01
9.278718233108520508e-01
3.886866569519042969e-01
2.429503947496414185e-02
7.708399891853332520e-01
2.477570623159408569e-02
7.543371915817260742e-01
8.588895946741104126e-02
9.674848914146423340e-01
2.040815055370330811e-01
5.169276893138885498e-02
9.528677463531494141e-01
5.114206671714782715e-01
8.555614352226257324e-01
1.046952381730079651e-01
1.456807851791381836e-01
5.124555155634880066e-02
6.453819572925567627e-02
4.678844809532165527e-01
1.186512634158134460e-01
9.834770858287811279e-02
9.250808507204055786e-02
3.399918079376220703e-01
2.318360060453414917e-01
8.046349287033081055e-01
5.798511952161788940e-02
4.325576424598693848e-01
2.210561931133270264e-01
5.373219847679138184e-01
1.327000260353088379e-01
6.643012166023254395e-01
5.029440522193908691e-01
3.445438444614410400e-01
2.193304002285003662e-01
9.624077379703521729e-02
2.030680179595947266e-01
3.803403377532958984e-01
6.797301024198532104e-02
3.896459937095642090e-01
8.254019618034362793e-01
1.406484991312026978e-01
8.020291328430175781e-01
1.058375388383865356e-01
1.306902617216110229e-01
9.319311976432800293e-01
9.726719856262207031e-01
9.208096265792846680e-01
7.455369234085083008e-01
2.567918896675109863e-01
5.862612724304199219e-01
9.037968516349792480e-01
3.523238599300384521e-01
7.296557724475860596e-02
3.859985768795013428e-01
8.475143909454345703e-01
9.278618097305297852e-01
8.967266082763671875e-01
4.207263886928558350e-01
1.226434409618377686e-01
3.714710474014282227e-01
8.557553291320800781e-01
2.524778246879577637e-01
5.961693525314331055e-01
7.690975069999694824e-02
1.207281500101089478e-01
7.875638455152511597e-02
8.460276126861572266e-01
1.240483820438385010e-01
5.166394114494323730e-01
6.245693564414978027e-01
6.340830922126770020e-01
2.270824089646339417e-02
4.519496113061904907e-02
5.996872186660766602e-01
1.571869999170303345e-01
6.558465361595153809e-01
8.968196511268615723e-01
8.709293007850646973e-01
2.248155176639556885e-01
4.257937073707580566e-01
7.045985460281372070e-01
2.227257937192916870e-01
7.218760848045349121e-01
2.798679471015930176e-01
9.642666578292846680e-01
9.662343859672546387e-01
6.189480423927307129e-01
3.361502289772033691e-01
9.692882299423217773e-01
5.598798990249633789e-01
2.387460321187973022e-01
9.623570442199707031e-01
9.641917943954467773e-01
2.743824720382690430e-01
2.411429211497306824e-02
8.429691940546035767e-02
5.160521268844604492e-01
4.922366142272949219e-01
2.587991356849670410e-01
9.681180715560913086e-01
4.811217784881591797e-01
4.483940303325653076e-01
1.349676996469497681e-01
7.074617147445678711e-01
6.837260127067565918e-01
1.868471056222915649e-01
6.253193616867065430e-01
8.933101296424865723e-01
8.201815932989120483e-02
3.810338973999023438e-01
7.964750528335571289e-01
5.381166338920593262e-01
3.691596984863281250e-01
5.305635929107666016e-02
8.593122363090515137e-01
9.360242486000061035e-01
9.296078085899353027e-01
9.370463900268077850e-03
2.761497199535369873e-01
8.348276019096374512e-01
6.129189133644104004e-01
6.901243925094604492e-01
8.452025800943374634e-02
6.715564131736755371e-01
3.690156340599060059e-01
1.641681492328643799e-01
9.391281604766845703e-01
1.951910704374313354e-01
8.363503813743591309e-01
7.441851496696472168e-02
3.248181641101837158e-01
7.979431152343750000e-01
9.830740094184875488e-02
6.733929514884948730e-01
8.936461806297302246e-01
8.102695345878601074e-01
9.633080363273620605e-01
9.316844344139099121e-01
5.879047513008117676e-01
8.729574084281921387e-01
9.588693827390670776e-02
1.535137891769409180e-01
9.317684173583984375e-01
2.334366589784622192e-01
5.939871072769165039e-02
5.065660476684570312e-01
3.659564256668090820e-01
3.298199176788330078e-02
1.726724207401275635e-01
8.552410006523132324e-01
7.962403893470764160e-01
5.379059910774230957e-01
4.613007903099060059e-01
5.588733553886413574e-01
1.466948091983795166e-01
4.836991429328918457e-02
9.188397526741027832e-01
2.626503109931945801e-01
9.603912234306335449e-01
1.530375033617019653e-01
8.994992822408676147e-02
6.914479136466979980e-01
3.841750323772430420e-01
6.743686795234680176e-01
2.981153130531311035e-01
3.635898530483245850e-01
9.474514424800872803e-02
7.634706497192382812e-01
8.104448020458221436e-02
4.933000206947326660e-01
9.394927024841308594e-01
2.328308671712875366e-01
8.884386420249938965e-01
8.518959283828735352e-01
4.447840452194213867e-01
2.197153866291046143e-01
9.526882171630859375e-01
1.950009353458881378e-02
2.455632388591766357e-01
8.862923830747604370e-02
5.259673595428466797e-01
4.353390634059906006e-02
9.741168618202209473e-01
5.269817635416984558e-02
5.631485581398010254e-01
7.412505894899368286e-02
9.779294729232788086e-01
8.877689838409423828e-01
9.825354069471359253e-02
4.031057953834533691e-01
9.183393120765686035e-01
9.665266275405883789e-01
1.262274533510208130e-01
5.896956920623779297e-01
6.419092416763305664e-01
8.776249885559082031e-01
3.782760500907897949e-01
9.116598963737487793e-01
9.585897326469421387e-01
6.876123696565628052e-02
9.494681954383850098e-01
8.739269971847534180e-01
6.514668464660644531e-01
9.561083912849426270e-01
7.808082103729248047e-01
1.269482225179672241e-01
7.896313071250915527e-01
5.354384332895278931e-02
6.740649938583374023e-01
8.909164667129516602e-01
6.256466358900070190e-02
5.041560903191566467e-02
5.405113473534584045e-02
8.527769446372985840e-01
1.411512345075607300e-01
4.057423770427703857e-02
7.428070902824401855e-01
9.326285719871520996e-01
3.030838370323181152e-01
9.042088389396667480e-01
3.687676414847373962e-02
4.124978184700012207e-01
3.188937902450561523e-01
8.540979772806167603e-02
8.990774750709533691e-01
2.579438872635364532e-02
5.506004691123962402e-01
6.356475502252578735e-02
8.960080146789550781e-01
2.332920953631401062e-02
9.412568807601928711e-01
5.671954900026321411e-02
5.332183092832565308e-02
3.966131806373596191e-02
5.500549823045730591e-02
9.420001506805419922e-01
1.104912310838699341e-01
9.588761925697326660e-01
8.580521941184997559e-01
5.673463344573974609e-01
9.145450592041015625e-01
2.642064355313777924e-02
3.894901275634765625e-02
8.175312280654907227e-01
3.579557836055755615e-01
9.005339741706848145e-01
6.023830771446228027e-01
9.490379691123962402e-01
1.093711107969284058e-01
1.441038548946380615e-01
8.162907510995864868e-02
2.255349606275558472e-02
3.482735753059387207e-01
9.184790849685668945e-01
1.272006705403327942e-02
5.832615494728088379e-01
4.949349910020828247e-02
3.701097890734672546e-02
9.280956387519836426e-01
8.102884888648986816e-01
1.382869184017181396e-01
4.090796709060668945e-01
2.641447484493255615e-01
5.161723494529724121e-01
3.899890184402465820e-01
3.713466823101043701e-01
6.795802712440490723e-02
9.412227869033813477e-01
4.622524380683898926e-01
2.143732756376266479e-01
9.298659861087799072e-02
1.005880087614059448e-01
6.729529500007629395e-01
3.217601031064987183e-02
5.674680471420288086e-01
1.126529946923255920e-01
5.044635534286499023e-01
2.432049512863159180e-01
3.479151725769042969e-01
3.867506682872772217e-01
7.213053107261657715e-01
1.434410810470581055e-01
3.636214137077331543e-01
5.918065905570983887e-01
7.373380661010742188e-02
4.184168875217437744e-01
1.624687947332859039e-02
1.922104805707931519e-01
6.665501594543457031e-01
1.928348839282989502e-02
9.346840530633926392e-02
8.267959356307983398e-01
6.089699864387512207e-01
9.845761954784393311e-02
2.483119219541549683e-01
2.503701448440551758e-01
9.217659235000610352e-01
3.438455164432525635e-01
4.655788838863372803e-02
1.273094117641448975e-01
2.883226871490478516e-01
6.437744498252868652e-01
8.352290987968444824e-01
1.339950114488601685e-01
4.591450095176696777e-01
4.067585468292236328e-01
2.411429211497306824e-02
3.678906336426734924e-02
9.147632718086242676e-01
2.472107484936714172e-02
1.814074218273162842e-01
3.792338073253631592e-01
3.255670890212059021e-02
5.161817669868469238e-01
9.479609131813049316e-01
2.376784086227416992e-01
8.517308533191680908e-02
1.682112663984298706e-01
3.073033690452575684e-01
5.432383418083190918e-01
9.411314725875854492e-01
9.176607728004455566e-01
8.525320887565612793e-01
8.087443709373474121e-01
7.647253274917602539e-01
6.600950956344604492e-01
7.137845754623413086e-01
7.321344017982482910e-01
7.041884064674377441e-01
8.472958803176879883e-01
9.745945930480957031e-01
8.347187042236328125e-01
6.690020114183425903e-02
8.619745373725891113e-01
6.099948883056640625e-01
8.167700767517089844e-01
7.658510655164718628e-02
3.286215066909790039e-01
1.883852481842041016e-01
4.820364415645599365e-01
8.575475215911865234e-01
7.982366085052490234e-01
1.129781529307365417e-01
4.513888657093048096e-01
4.304964542388916016e-01
2.728936076164245605e-01
5.697135254740715027e-02
6.289610862731933594e-01
5.035800337791442871e-01
8.520233035087585449e-01
4.449945315718650818e-02
1.867454871535301208e-02
9.710390567779541016e-01
3.655360266566276550e-02
2.037073373794555664e-01
5.151398181915283203e-01
5.784308537840843201e-02
5.879449844360351562e-01
4.731626212596893311e-01
7.816967964172363281e-01
9.821043014526367188e-01
8.341485261917114258e-01
2.757417857646942139e-01
6.819281578063964844e-01
9.244412183761596680e-01
2.636312544345855713e-01
3.808338940143585205e-01
9.834085106849670410e-01
1.893723905086517334e-01
9.240246415138244629e-01
3.745478093624114990e-01
9.710430502891540527e-01
5.031192302703857422e-02
9.613444805145263672e-01
2.596045657992362976e-02
3.479151725769042969e-01
4.163514077663421631e-01
7.448451519012451172e-01
5.438420176506042480e-01
8.468683958053588867e-01
7.347849607467651367e-01
5.672830939292907715e-01
1.505176723003387451e-02
3.064531087875366211e-02
9.457620978355407715e-01
4.003164470195770264e-01
7.319191694259643555e-01
1.417289972305297852e-01
2.794703245162963867e-01
6.968067288398742676e-01
9.146950840950012207e-01
4.621744453907012939e-01
4.258448481559753418e-01
7.633474469184875488e-02
8.738138675689697266e-01
2.998060584068298340e-01
8.096560835838317871e-01
9.041904211044311523e-01
9.083392471075057983e-02
8.298397064208984375e-01
4.175120219588279724e-02
2.015024721622467041e-01
7.703685760498046875e-01
6.039030104875564575e-02
2.970125377178192139e-01
6.387626528739929199e-01
2.302376180887222290e-01
1.641903445124626160e-02
3.497073352336883545e-01
3.983493521809577942e-02
1.502948720008134842e-02
9.701000154018402100e-02
1.550440937280654907e-01
1.003618612885475159e-01
8.656306564807891846e-02
2.791512012481689453e-01
9.388036727905273438e-01
3.115459978580474854e-01
2.971279621124267578e-01
4.933901727199554443e-01
6.882438659667968750e-01
9.298973083496093750e-01
5.102152824401855469e-01
7.451422214508056641e-01
7.359714508056640625e-01
5.041392147541046143e-02
7.277935147285461426e-01
3.065606392920017242e-02
1.003922149538993835e-01
8.901934027671813965e-01
8.791462779045104980e-01
5.304244160652160645e-01
6.380012631416320801e-01
5.361661911010742188e-01
2.789315879344940186e-01
7.207812666893005371e-01
9.862884879112243652e-02
9.672511816024780273e-01
3.544810712337493896e-01
5.206789374351501465e-01
9.208078384399414062e-01
2.814290486276149750e-02
7.804933190345764160e-01
8.980721235275268555e-03
8.836281895637512207e-01
